3136	1
0	0	289	1
1	81	289	1
2	25	290	1
3	81	290	1
4	9	291	1
5	82	291	1
6	25	292	1
7	82	292	1
8	4	293	1
9	83	293	1
10	26	294	1
11	83	294	1
12	9	295	1
13	84	295	1
14	26	296	1
15	84	296	1
16	1	297	1
17	85	297	1
18	27	298	1
19	85	298	1
20	10	299	1
21	86	299	1
22	27	300	1
23	86	300	1
24	4	301	1
25	87	301	1
26	28	302	1
27	87	302	1
28	10	303	1
29	88	303	1
30	28	304	1
31	88	304	1
32	1	305	1
33	89	305	1
34	29	306	1
35	89	306	1
36	11	307	1
37	90	307	1
38	29	308	1
39	90	308	1
40	5	309	1
41	91	309	1
42	30	310	1
43	91	310	1
44	11	311	1
45	92	311	1
46	30	312	1
47	92	312	1
48	2	313	1
49	93	313	1
50	31	314	1
51	93	314	1
52	12	315	1
53	94	315	1
54	31	316	1
55	94	316	1
56	5	317	1
57	95	317	1
58	32	318	1
59	95	318	1
60	12	319	1
61	96	319	1
62	32	320	1
63	96	320	1
64	0	321	0
65	97	321	0
66	33	322	0
67	97	322	0
68	13	323	0
69	98	323	0
70	33	324	0
71	98	324	0
72	6	325	0
73	99	325	0
74	34	326	0
75	99	326	0
76	13	327	0
77	100	327	0
78	34	328	0
79	100	328	0
80	2	329	0
81	101	329	0
82	35	330	0
83	101	330	0
84	14	331	0
85	102	331	0
86	35	332	0
87	102	332	0
88	6	333	0
89	103	333	0
90	36	334	0
91	103	334	0
92	14	335	0
93	104	335	0
94	36	336	0
95	104	336	0
96	2	337	1
97	105	337	1
98	37	338	1
99	105	338	1
100	15	339	1
101	106	339	1
102	37	340	1
103	106	340	1
104	7	341	1
105	107	341	1
106	38	342	1
107	107	342	1
108	15	343	1
109	108	343	1
110	38	344	1
111	108	344	1
112	3	345	1
113	109	345	1
114	39	346	1
115	109	346	1
116	16	347	1
117	110	347	1
118	39	348	1
119	110	348	1
120	7	349	1
121	111	349	1
122	40	350	1
123	111	350	1
124	16	351	1
125	112	351	1
126	40	352	1
127	112	352	1
128	0	353	1
129	113	353	1
130	41	354	1
131	113	354	1
132	17	355	1
133	114	355	1
134	41	356	1
135	114	356	1
136	8	357	1
137	115	357	1
138	42	358	1
139	115	358	1
140	17	359	1
141	116	359	1
142	42	360	1
143	116	360	1
144	3	361	1
145	117	361	1
146	43	362	1
147	117	362	1
148	18	363	1
149	118	363	1
150	43	364	1
151	118	364	1
152	8	365	1
153	119	365	1
154	44	366	1
155	119	366	1
156	18	367	1
157	120	367	1
158	44	368	1
159	120	368	1
160	4	369	0
161	121	369	0
162	45	370	0
163	121	370	0
164	19	371	0
165	122	371	0
166	45	372	0
167	122	372	0
168	6	373	0
169	123	373	0
170	46	374	0
171	123	374	0
172	19	375	0
173	124	375	0
174	46	376	0
175	124	376	0
176	4	377	0
177	125	377	0
178	47	378	0
179	125	378	0
180	20	379	0
181	126	379	0
182	47	380	0
183	126	380	0
184	5	381	0
185	127	381	0
186	48	382	0
187	127	382	0
188	20	383	0
189	128	383	0
190	48	384	0
191	128	384	0
192	5	385	0
193	129	385	0
194	49	386	0
195	129	386	0
196	21	387	0
197	130	387	0
198	49	388	0
199	130	388	0
200	6	389	0
201	131	389	0
202	50	390	0
203	131	390	0
204	21	391	0
205	132	391	0
206	50	392	0
207	132	392	0
208	6	393	0
209	133	393	0
210	51	394	0
211	133	394	0
212	22	395	0
213	134	395	0
214	51	396	0
215	134	396	0
216	8	397	0
217	135	397	0
218	52	398	0
219	135	398	0
220	22	399	0
221	136	399	0
222	52	400	0
223	136	400	0
224	6	401	0
225	137	401	0
226	53	402	0
227	137	402	0
228	23	403	0
229	138	403	0
230	53	404	0
231	138	404	0
232	7	405	0
233	139	405	0
234	54	406	0
235	139	406	0
236	23	407	0
237	140	407	0
238	54	408	0
239	140	408	0
240	7	409	0
241	141	409	0
242	55	410	0
243	141	410	0
244	24	411	0
245	142	411	0
246	55	412	0
247	142	412	0
248	8	413	0
249	143	413	0
250	56	414	0
251	143	414	0
252	24	415	0
253	144	415	0
254	56	416	0
255	144	416	0
256	9	417	0
257	145	417	0
258	57	418	0
259	145	418	0
260	13	419	0
261	146	419	0
262	57	420	0
263	146	420	0
264	13	421	0
265	147	421	0
266	58	422	0
267	147	422	0
268	19	423	0
269	148	423	0
270	58	424	0
271	148	424	0
272	9	425	0
273	149	425	0
274	59	426	0
275	149	426	0
276	19	427	0
277	150	427	0
278	59	428	0
279	150	428	0
280	10	429	0
281	151	429	0
282	60	430	0
283	151	430	0
284	11	431	0
285	152	431	0
286	60	432	0
287	152	432	0
288	11	433	0
289	153	433	0
290	61	434	0
291	153	434	0
292	20	435	0
293	154	435	0
294	61	436	0
295	154	436	0
296	10	437	0
297	155	437	0
298	62	438	0
299	155	438	0
300	20	439	0
301	156	439	0
302	62	440	0
303	156	440	0
304	12	441	0
305	157	441	0
306	63	442	0
307	157	442	0
308	14	443	0
309	158	443	0
310	63	444	0
311	158	444	0
312	12	445	0
313	159	445	0
314	64	446	0
315	159	446	0
316	21	447	0
317	160	447	0
318	64	448	0
319	160	448	0
320	14	449	0
321	161	449	0
322	65	450	0
323	161	450	0
324	21	451	0
325	162	451	0
326	65	452	0
327	162	452	0
328	20	453	0
329	163	453	0
330	66	454	0
331	163	454	0
332	21	455	0
333	164	455	0
334	66	456	0
335	164	456	0
336	19	457	0
337	165	457	0
338	67	458	0
339	165	458	0
340	21	459	0
341	166	459	0
342	67	460	0
343	166	460	0
344	19	461	0
345	167	461	0
346	68	462	0
347	167	462	0
348	20	463	0
349	168	463	0
350	68	464	0
351	168	464	0
352	13	465	0
353	169	465	0
354	69	466	0
355	169	466	0
356	17	467	0
357	170	467	0
358	69	468	0
359	170	468	0
360	17	469	0
361	171	469	0
362	70	470	0
363	171	470	0
364	22	471	0
365	172	471	0
366	70	472	0
367	172	472	0
368	13	473	0
369	173	473	0
370	71	474	0
371	173	474	0
372	22	475	0
373	174	475	0
374	71	476	0
375	174	476	0
376	14	477	0
377	175	477	0
378	72	478	0
379	175	478	0
380	15	479	0
381	176	479	0
382	72	480	0
383	176	480	0
384	15	481	0
385	177	481	0
386	73	482	0
387	177	482	0
388	23	483	0
389	178	483	0
390	73	484	0
391	178	484	0
392	14	485	0
393	179	485	0
394	74	486	0
395	179	486	0
396	23	487	0
397	180	487	0
398	74	488	0
399	180	488	0
400	16	489	0
401	181	489	0
402	75	490	0
403	181	490	0
404	18	491	0
405	182	491	0
406	75	492	0
407	182	492	0
408	16	493	0
409	183	493	0
410	76	494	0
411	183	494	0
412	24	495	0
413	184	495	0
414	76	496	0
415	184	496	0
416	18	497	0
417	185	497	0
418	77	498	0
419	185	498	0
420	24	499	0
421	186	499	0
422	77	500	0
423	186	500	0
424	23	501	0
425	187	501	0
426	78	502	0
427	187	502	0
428	24	503	0
429	188	503	0
430	78	504	0
431	188	504	0
432	22	505	0
433	189	505	0
434	79	506	0
435	189	506	0
436	24	507	0
437	190	507	0
438	79	508	0
439	190	508	0
440	22	509	0
441	191	509	0
442	80	510	0
443	191	510	0
444	23	511	0
445	192	511	0
446	80	512	0
447	192	512	0
448	25	513	0
449	193	513	0
450	33	514	0
451	193	514	0
452	25	515	0
453	194	515	0
454	57	516	0
455	194	516	0
456	33	517	0
457	195	517	0
458	57	518	0
459	195	518	0
460	34	519	0
461	196	519	0
462	46	520	0
463	196	520	0
464	46	521	0
465	197	521	0
466	58	522	0
467	197	522	0
468	34	523	0
469	198	523	0
470	58	524	0
471	198	524	0
472	26	525	0
473	199	525	0
474	45	526	0
475	199	526	0
476	45	527	0
477	200	527	0
478	59	528	0
479	200	528	0
480	26	529	0
481	201	529	0
482	59	530	0
483	201	530	0
484	58	531	0
485	202	531	0
486	59	532	0
487	202	532	0
488	57	533	0
489	203	533	0
490	59	534	0
491	203	534	0
492	57	535	0
493	204	535	0
494	58	536	0
495	204	536	0
496	27	537	0
497	205	537	0
498	29	538	0
499	205	538	0
500	27	539	0
501	206	539	0
502	60	540	0
503	206	540	0
504	29	541	0
505	207	541	0
506	60	542	0
507	207	542	0
508	30	543	0
509	208	543	0
510	48	544	0
511	208	544	0
512	48	545	0
513	209	545	0
514	61	546	0
515	209	546	0
516	30	547	0
517	210	547	0
518	61	548	0
519	210	548	0
520	28	549	0
521	211	549	0
522	47	550	0
523	211	550	0
524	47	551	0
525	212	551	0
526	62	552	0
527	212	552	0
528	28	553	0
529	213	553	0
530	62	554	0
531	213	554	0
532	61	555	0
533	214	555	0
534	62	556	0
535	214	556	0
536	60	557	0
537	215	557	0
538	62	558	0
539	215	558	0
540	60	559	0
541	216	559	0
542	61	560	0
543	216	560	0
544	31	561	0
545	217	561	0
546	35	562	0
547	217	562	0
548	35	563	0
549	218	563	0
550	63	564	0
551	218	564	0
552	31	565	0
553	219	565	0
554	63	566	0
555	219	566	0
556	32	567	0
557	220	567	0
558	49	568	0
559	220	568	0
560	49	569	0
561	221	569	0
562	64	570	0
563	221	570	0
564	32	571	0
565	222	571	0
566	64	572	0
567	222	572	0
568	36	573	0
569	223	573	0
570	50	574	0
571	223	574	0
572	50	575	0
573	224	575	0
574	65	576	0
575	224	576	0
576	36	577	0
577	225	577	0
578	65	578	0
579	225	578	0
580	64	579	0
581	226	579	0
582	65	580	0
583	226	580	0
584	63	581	0
585	227	581	0
586	65	582	0
587	227	582	0
588	63	583	0
589	228	583	0
590	64	584	0
591	228	584	0
592	48	585	0
593	229	585	0
594	49	586	0
595	229	586	0
596	48	587	0
597	230	587	0
598	66	588	0
599	230	588	0
600	49	589	0
601	231	589	0
602	66	590	0
603	231	590	0
604	46	591	0
605	232	591	0
606	50	592	0
607	232	592	0
608	46	593	0
609	233	593	0
610	67	594	0
611	233	594	0
612	50	595	0
613	234	595	0
614	67	596	0
615	234	596	0
616	45	597	0
617	235	597	0
618	47	598	0
619	235	598	0
620	45	599	0
621	236	599	0
622	68	600	0
623	236	600	0
624	47	601	0
625	237	601	0
626	68	602	0
627	237	602	0
628	67	603	0
629	238	603	0
630	68	604	0
631	238	604	0
632	66	605	0
633	239	605	0
634	68	606	0
635	239	606	0
636	66	607	0
637	240	607	0
638	67	608	0
639	240	608	0
640	33	609	0
641	241	609	0
642	41	610	0
643	241	610	0
644	33	611	0
645	242	611	0
646	69	612	0
647	242	612	0
648	41	613	0
649	243	613	0
650	69	614	0
651	243	614	0
652	42	615	0
653	244	615	0
654	52	616	0
655	244	616	0
656	52	617	0
657	245	617	0
658	70	618	0
659	245	618	0
660	42	619	0
661	246	619	0
662	70	620	0
663	246	620	0
664	34	621	0
665	247	621	0
666	51	622	0
667	247	622	0
668	51	623	0
669	248	623	0
670	71	624	0
671	248	624	0
672	34	625	0
673	249	625	0
674	71	626	0
675	249	626	0
676	70	627	0
677	250	627	0
678	71	628	0
679	250	628	0
680	69	629	0
681	251	629	0
682	71	630	0
683	251	630	0
684	69	631	0
685	252	631	0
686	70	632	0
687	252	632	0
688	35	633	0
689	253	633	0
690	37	634	0
691	253	634	0
692	35	635	0
693	254	635	0
694	72	636	0
695	254	636	0
696	37	637	0
697	255	637	0
698	72	638	0
699	255	638	0
700	38	639	0
701	256	639	0
702	54	640	0
703	256	640	0
704	54	641	0
705	257	641	0
706	73	642	0
707	257	642	0
708	38	643	0
709	258	643	0
710	73	644	0
711	258	644	0
712	36	645	0
713	259	645	0
714	53	646	0
715	259	646	0
716	53	647	0
717	260	647	0
718	74	648	0
719	260	648	0
720	36	649	0
721	261	649	0
722	74	650	0
723	261	650	0
724	73	651	0
725	262	651	0
726	74	652	0
727	262	652	0
728	72	653	0
729	263	653	0
730	74	654	0
731	263	654	0
732	72	655	0
733	264	655	0
734	73	656	0
735	264	656	0
736	39	657	0
737	265	657	0
738	43	658	0
739	265	658	0
740	43	659	0
741	266	659	0
742	75	660	0
743	266	660	0
744	39	661	0
745	267	661	0
746	75	662	0
747	267	662	0
748	40	663	0
749	268	663	0
750	55	664	0
751	268	664	0
752	55	665	0
753	269	665	0
754	76	666	0
755	269	666	0
756	40	667	0
757	270	667	0
758	76	668	0
759	270	668	0
760	44	669	0
761	271	669	0
762	56	670	0
763	271	670	0
764	56	671	0
765	272	671	0
766	77	672	0
767	272	672	0
768	44	673	0
769	273	673	0
770	77	674	0
771	273	674	0
772	76	675	0
773	274	675	0
774	77	676	0
775	274	676	0
776	75	677	0
777	275	677	0
778	77	678	0
779	275	678	0
780	75	679	0
781	276	679	0
782	76	680	0
783	276	680	0
784	54	681	0
785	277	681	0
786	55	682	0
787	277	682	0
788	54	683	0
789	278	683	0
790	78	684	0
791	278	684	0
792	55	685	0
793	279	685	0
794	78	686	0
795	279	686	0
796	52	687	0
797	280	687	0
798	56	688	0
799	280	688	0
800	52	689	0
801	281	689	0
802	79	690	0
803	281	690	0
804	56	691	0
805	282	691	0
806	79	692	0
807	282	692	0
808	51	693	0
809	283	693	0
810	53	694	0
811	283	694	0
812	51	695	0
813	284	695	0
814	80	696	0
815	284	696	0
816	53	697	0
817	285	697	0
818	80	698	0
819	285	698	0
820	79	699	0
821	286	699	0
822	80	700	0
823	286	700	0
824	78	701	0
825	287	701	0
826	80	702	0
827	287	702	0
828	78	703	0
829	288	703	0
830	79	704	0
831	288	704	0
832	81	705	0
833	97	705	0
834	97	706	0
835	193	706	0
836	81	707	0
837	193	707	0
838	82	708	0
839	145	708	0
840	145	709	0
841	194	709	0
842	82	710	0
843	194	710	0
844	98	711	0
845	146	711	0
846	146	712	0
847	195	712	0
848	98	713	0
849	195	713	0
850	194	714	0
851	195	714	0
852	193	715	0
853	195	715	0
854	193	716	0
855	194	716	0
856	99	717	0
857	123	717	0
858	99	718	0
859	196	718	0
860	123	719	0
861	196	719	0
862	124	720	0
863	148	720	0
864	148	721	0
865	197	721	0
866	124	722	0
867	197	722	0
868	100	723	0
869	147	723	0
870	147	724	0
871	198	724	0
872	100	725	0
873	198	725	0
874	197	726	0
875	198	726	0
876	196	727	0
877	198	727	0
878	196	728	0
879	197	728	0
880	83	729	0
881	121	729	0
882	83	730	0
883	199	730	0
884	121	731	0
885	199	731	0
886	122	732	0
887	150	732	0
888	150	733	0
889	200	733	0
890	122	734	0
891	200	734	0
892	84	735	0
893	149	735	0
894	149	736	0
895	201	736	0
896	84	737	0
897	201	737	0
898	200	738	0
899	201	738	0
900	199	739	0
901	201	739	0
902	199	740	0
903	200	740	0
904	148	741	0
905	150	741	0
906	148	742	0
907	202	742	0
908	150	743	0
909	202	743	0
910	145	744	0
911	149	744	0
912	145	745	0
913	203	745	0
914	149	746	0
915	203	746	0
916	146	747	0
917	147	747	0
918	146	748	0
919	204	748	0
920	147	749	0
921	204	749	0
922	203	750	0
923	204	750	0
924	202	751	0
925	204	751	0
926	202	752	0
927	203	752	0
928	85	753	0
929	89	753	0
930	89	754	0
931	205	754	0
932	85	755	0
933	205	755	0
934	86	756	0
935	151	756	0
936	151	757	0
937	206	757	0
938	86	758	0
939	206	758	0
940	90	759	0
941	152	759	0
942	152	760	0
943	207	760	0
944	90	761	0
945	207	761	0
946	206	762	0
947	207	762	0
948	205	763	0
949	207	763	0
950	205	764	0
951	206	764	0
952	91	765	0
953	127	765	0
954	91	766	0
955	208	766	0
956	127	767	0
957	208	767	0
958	128	768	0
959	154	768	0
960	154	769	0
961	209	769	0
962	128	770	0
963	209	770	0
964	92	771	0
965	153	771	0
966	153	772	0
967	210	772	0
968	92	773	0
969	210	773	0
970	209	774	0
971	210	774	0
972	208	775	0
973	210	775	0
974	208	776	0
975	209	776	0
976	87	777	0
977	125	777	0
978	87	778	0
979	211	778	0
980	125	779	0
981	211	779	0
982	126	780	0
983	156	780	0
984	156	781	0
985	212	781	0
986	126	782	0
987	212	782	0
988	88	783	0
989	155	783	0
990	155	784	0
991	213	784	0
992	88	785	0
993	213	785	0
994	212	786	0
995	213	786	0
996	211	787	0
997	213	787	0
998	211	788	0
999	212	788	0
1000	154	789	0
1001	156	789	0
1002	154	790	0
1003	214	790	0
1004	156	791	0
1005	214	791	0
1006	151	792	0
1007	155	792	0
1008	151	793	0
1009	215	793	0
1010	155	794	0
1011	215	794	0
1012	152	795	0
1013	153	795	0
1014	152	796	0
1015	216	796	0
1016	153	797	0
1017	216	797	0
1018	215	798	0
1019	216	798	0
1020	214	799	0
1021	216	799	0
1022	214	800	0
1023	215	800	0
1024	93	801	0
1025	101	801	0
1026	93	802	0
1027	217	802	0
1028	101	803	0
1029	217	803	0
1030	102	804	0
1031	158	804	0
1032	158	805	0
1033	218	805	0
1034	102	806	0
1035	218	806	0
1036	94	807	0
1037	157	807	0
1038	157	808	0
1039	219	808	0
1040	94	809	0
1041	219	809	0
1042	218	810	0
1043	219	810	0
1044	217	811	0
1045	219	811	0
1046	217	812	0
1047	218	812	0
1048	95	813	0
1049	129	813	0
1050	95	814	0
1051	220	814	0
1052	129	815	0
1053	220	815	0
1054	130	816	0
1055	160	816	0
1056	160	817	0
1057	221	817	0
1058	130	818	0
1059	221	818	0
1060	96	819	0
1061	159	819	0
1062	159	820	0
1063	222	820	0
1064	96	821	0
1065	222	821	0
1066	221	822	0
1067	222	822	0
1068	220	823	0
1069	222	823	0
1070	220	824	0
1071	221	824	0
1072	103	825	0
1073	131	825	0
1074	103	826	0
1075	223	826	0
1076	131	827	0
1077	223	827	0
1078	132	828	0
1079	162	828	0
1080	162	829	0
1081	224	829	0
1082	132	830	0
1083	224	830	0
1084	104	831	0
1085	161	831	0
1086	161	832	0
1087	225	832	0
1088	104	833	0
1089	225	833	0
1090	224	834	0
1091	225	834	0
1092	223	835	0
1093	225	835	0
1094	223	836	0
1095	224	836	0
1096	160	837	0
1097	162	837	0
1098	160	838	0
1099	226	838	0
1100	162	839	0
1101	226	839	0
1102	158	840	0
1103	161	840	0
1104	158	841	0
1105	227	841	0
1106	161	842	0
1107	227	842	0
1108	157	843	0
1109	159	843	0
1110	157	844	0
1111	228	844	0
1112	159	845	0
1113	228	845	0
1114	227	846	0
1115	228	846	0
1116	226	847	0
1117	228	847	0
1118	226	848	0
1119	227	848	0
1120	127	849	0
1121	129	849	0
1122	129	850	0
1123	229	850	0
1124	127	851	0
1125	229	851	0
1126	128	852	0
1127	163	852	0
1128	163	853	0
1129	230	853	0
1130	128	854	0
1131	230	854	0
1132	130	855	0
1133	164	855	0
1134	164	856	0
1135	231	856	0
1136	130	857	0
1137	231	857	0
1138	230	858	0
1139	231	858	0
1140	229	859	0
1141	231	859	0
1142	229	860	0
1143	230	860	0
1144	123	861	0
1145	131	861	0
1146	131	862	0
1147	232	862	0
1148	123	863	0
1149	232	863	0
1150	124	864	0
1151	165	864	0
1152	165	865	0
1153	233	865	0
1154	124	866	0
1155	233	866	0
1156	132	867	0
1157	166	867	0
1158	166	868	0
1159	234	868	0
1160	132	869	0
1161	234	869	0
1162	233	870	0
1163	234	870	0
1164	232	871	0
1165	234	871	0
1166	232	872	0
1167	233	872	0
1168	121	873	0
1169	125	873	0
1170	125	874	0
1171	235	874	0
1172	121	875	0
1173	235	875	0
1174	122	876	0
1175	167	876	0
1176	167	877	0
1177	236	877	0
1178	122	878	0
1179	236	878	0
1180	126	879	0
1181	168	879	0
1182	168	880	0
1183	237	880	0
1184	126	881	0
1185	237	881	0
1186	236	882	0
1187	237	882	0
1188	235	883	0
1189	237	883	0
1190	235	884	0
1191	236	884	0
1192	165	885	0
1193	167	885	0
1194	165	886	0
1195	238	886	0
1196	167	887	0
1197	238	887	0
1198	163	888	0
1199	168	888	0
1200	163	889	0
1201	239	889	0
1202	168	890	0
1203	239	890	0
1204	164	891	0
1205	166	891	0
1206	164	892	0
1207	240	892	0
1208	166	893	0
1209	240	893	0
1210	239	894	0
1211	240	894	0
1212	238	895	0
1213	240	895	0
1214	238	896	0
1215	239	896	0
1216	97	897	0
1217	113	897	0
1218	113	898	0
1219	241	898	0
1220	97	899	0
1221	241	899	0
1222	98	900	0
1223	169	900	0
1224	169	901	0
1225	242	901	0
1226	98	902	0
1227	242	902	0
1228	114	903	0
1229	170	903	0
1230	170	904	0
1231	243	904	0
1232	114	905	0
1233	243	905	0
1234	242	906	0
1235	243	906	0
1236	241	907	0
1237	243	907	0
1238	241	908	0
1239	242	908	0
1240	115	909	0
1241	135	909	0
1242	115	910	0
1243	244	910	0
1244	135	911	0
1245	244	911	0
1246	136	912	0
1247	172	912	0
1248	172	913	0
1249	245	913	0
1250	136	914	0
1251	245	914	0
1252	116	915	0
1253	171	915	0
1254	171	916	0
1255	246	916	0
1256	116	917	0
1257	246	917	0
1258	245	918	0
1259	246	918	0
1260	244	919	0
1261	246	919	0
1262	244	920	0
1263	245	920	0
1264	99	921	0
1265	133	921	0
1266	99	922	0
1267	247	922	0
1268	133	923	0
1269	247	923	0
1270	134	924	0
1271	174	924	0
1272	174	925	0
1273	248	925	0
1274	134	926	0
1275	248	926	0
1276	100	927	0
1277	173	927	0
1278	173	928	0
1279	249	928	0
1280	100	929	0
1281	249	929	0
1282	248	930	0
1283	249	930	0
1284	247	931	0
1285	249	931	0
1286	247	932	0
1287	248	932	0
1288	172	933	0
1289	174	933	0
1290	172	934	0
1291	250	934	0
1292	174	935	0
1293	250	935	0
1294	169	936	0
1295	173	936	0
1296	169	937	0
1297	251	937	0
1298	173	938	0
1299	251	938	0
1300	170	939	0
1301	171	939	0
1302	170	940	0
1303	252	940	0
1304	171	941	0
1305	252	941	0
1306	251	942	0
1307	252	942	0
1308	250	943	0
1309	252	943	0
1310	250	944	0
1311	251	944	0
1312	101	945	0
1313	105	945	0
1314	105	946	0
1315	253	946	0
1316	101	947	0
1317	253	947	0
1318	102	948	0
1319	175	948	0
1320	175	949	0
1321	254	949	0
1322	102	950	0
1323	254	950	0
1324	106	951	0
1325	176	951	0
1326	176	952	0
1327	255	952	0
1328	106	953	0
1329	255	953	0
1330	254	954	0
1331	255	954	0
1332	253	955	0
1333	255	955	0
1334	253	956	0
1335	254	956	0
1336	107	957	0
1337	139	957	0
1338	107	958	0
1339	256	958	0
1340	139	959	0
1341	256	959	0
1342	140	960	0
1343	178	960	0
1344	178	961	0
1345	257	961	0
1346	140	962	0
1347	257	962	0
1348	108	963	0
1349	177	963	0
1350	177	964	0
1351	258	964	0
1352	108	965	0
1353	258	965	0
1354	257	966	0
1355	258	966	0
1356	256	967	0
1357	258	967	0
1358	256	968	0
1359	257	968	0
1360	103	969	0
1361	137	969	0
1362	103	970	0
1363	259	970	0
1364	137	971	0
1365	259	971	0
1366	138	972	0
1367	180	972	0
1368	180	973	0
1369	260	973	0
1370	138	974	0
1371	260	974	0
1372	104	975	0
1373	179	975	0
1374	179	976	0
1375	261	976	0
1376	104	977	0
1377	261	977	0
1378	260	978	0
1379	261	978	0
1380	259	979	0
1381	261	979	0
1382	259	980	0
1383	260	980	0
1384	178	981	0
1385	180	981	0
1386	178	982	0
1387	262	982	0
1388	180	983	0
1389	262	983	0
1390	175	984	0
1391	179	984	0
1392	175	985	0
1393	263	985	0
1394	179	986	0
1395	263	986	0
1396	176	987	0
1397	177	987	0
1398	176	988	0
1399	264	988	0
1400	177	989	0
1401	264	989	0
1402	263	990	0
1403	264	990	0
1404	262	991	0
1405	264	991	0
1406	262	992	0
1407	263	992	0
1408	109	993	0
1409	117	993	0
1410	109	994	0
1411	265	994	0
1412	117	995	0
1413	265	995	0
1414	118	996	0
1415	182	996	0
1416	182	997	0
1417	266	997	0
1418	118	998	0
1419	266	998	0
1420	110	999	0
1421	181	999	0
1422	181	1000	0
1423	267	1000	0
1424	110	1001	0
1425	267	1001	0
1426	266	1002	0
1427	267	1002	0
1428	265	1003	0
1429	267	1003	0
1430	265	1004	0
1431	266	1004	0
1432	111	1005	0
1433	141	1005	0
1434	111	1006	0
1435	268	1006	0
1436	141	1007	0
1437	268	1007	0
1438	142	1008	0
1439	184	1008	0
1440	184	1009	0
1441	269	1009	0
1442	142	1010	0
1443	269	1010	0
1444	112	1011	0
1445	183	1011	0
1446	183	1012	0
1447	270	1012	0
1448	112	1013	0
1449	270	1013	0
1450	269	1014	0
1451	270	1014	0
1452	268	1015	0
1453	270	1015	0
1454	268	1016	0
1455	269	1016	0
1456	119	1017	0
1457	143	1017	0
1458	119	1018	0
1459	271	1018	0
1460	143	1019	0
1461	271	1019	0
1462	144	1020	0
1463	186	1020	0
1464	186	1021	0
1465	272	1021	0
1466	144	1022	0
1467	272	1022	0
1468	120	1023	0
1469	185	1023	0
1470	185	1024	0
1471	273	1024	0
1472	120	1025	0
1473	273	1025	0
1474	272	1026	0
1475	273	1026	0
1476	271	1027	0
1477	273	1027	0
1478	271	1028	0
1479	272	1028	0
1480	184	1029	0
1481	186	1029	0
1482	184	1030	0
1483	274	1030	0
1484	186	1031	0
1485	274	1031	0
1486	182	1032	0
1487	185	1032	0
1488	182	1033	0
1489	275	1033	0
1490	185	1034	0
1491	275	1034	0
1492	181	1035	0
1493	183	1035	0
1494	181	1036	0
1495	276	1036	0
1496	183	1037	0
1497	276	1037	0
1498	275	1038	0
1499	276	1038	0
1500	274	1039	0
1501	276	1039	0
1502	274	1040	0
1503	275	1040	0
1504	139	1041	0
1505	141	1041	0
1506	141	1042	0
1507	277	1042	0
1508	139	1043	0
1509	277	1043	0
1510	140	1044	0
1511	187	1044	0
1512	187	1045	0
1513	278	1045	0
1514	140	1046	0
1515	278	1046	0
1516	142	1047	0
1517	188	1047	0
1518	188	1048	0
1519	279	1048	0
1520	142	1049	0
1521	279	1049	0
1522	278	1050	0
1523	279	1050	0
1524	277	1051	0
1525	279	1051	0
1526	277	1052	0
1527	278	1052	0
1528	135	1053	0
1529	143	1053	0
1530	143	1054	0
1531	280	1054	0
1532	135	1055	0
1533	280	1055	0
1534	136	1056	0
1535	189	1056	0
1536	189	1057	0
1537	281	1057	0
1538	136	1058	0
1539	281	1058	0
1540	144	1059	0
1541	190	1059	0
1542	190	1060	0
1543	282	1060	0
1544	144	1061	0
1545	282	1061	0
1546	281	1062	0
1547	282	1062	0
1548	280	1063	0
1549	282	1063	0
1550	280	1064	0
1551	281	1064	0
1552	133	1065	0
1553	137	1065	0
1554	137	1066	0
1555	283	1066	0
1556	133	1067	0
1557	283	1067	0
1558	134	1068	0
1559	191	1068	0
1560	191	1069	0
1561	284	1069	0
1562	134	1070	0
1563	284	1070	0
1564	138	1071	0
1565	192	1071	0
1566	192	1072	0
1567	285	1072	0
1568	138	1073	0
1569	285	1073	0
1570	284	1074	0
1571	285	1074	0
1572	283	1075	0
1573	285	1075	0
1574	283	1076	0
1575	284	1076	0
1576	189	1077	0
1577	191	1077	0
1578	189	1078	0
1579	286	1078	0
1580	191	1079	0
1581	286	1079	0
1582	187	1080	0
1583	192	1080	0
1584	187	1081	0
1585	287	1081	0
1586	192	1082	0
1587	287	1082	0
1588	188	1083	0
1589	190	1083	0
1590	188	1084	0
1591	288	1084	0
1592	190	1085	0
1593	288	1085	0
1594	287	1086	0
1595	288	1086	0
1596	286	1087	0
1597	288	1087	0
1598	286	1088	0
1599	287	1088	0
1600	289	321	0
1601	289	705	0
1602	321	705	0
1603	322	514	0
1604	514	706	0
1605	322	706	0
1606	290	513	0
1607	513	707	0
1608	290	707	0
1609	706	707	0
1610	705	707	0
1611	705	706	0
1612	291	417	0
1613	291	708	0
1614	417	708	0
1615	418	516	0
1616	516	709	0
1617	418	709	0
1618	292	515	0
1619	515	710	0
1620	292	710	0
1621	709	710	0
1622	708	710	0
1623	708	709	0
1624	323	419	0
1625	323	711	0
1626	419	711	0
1627	420	518	0
1628	518	712	0
1629	420	712	0
1630	324	517	0
1631	517	713	0
1632	324	713	0
1633	712	713	0
1634	711	713	0
1635	711	712	0
1636	516	518	0
1637	516	714	0
1638	518	714	0
1639	514	517	0
1640	514	715	0
1641	517	715	0
1642	513	515	0
1643	513	716	0
1644	515	716	0
1645	715	716	0
1646	714	716	0
1647	714	715	0
1648	325	373	0
1649	373	717	0
1650	325	717	0
1651	326	519	0
1652	519	718	0
1653	326	718	0
1654	374	520	0
1655	520	719	0
1656	374	719	0
1657	718	719	0
1658	717	719	0
1659	717	718	0
1660	375	423	0
1661	375	720	0
1662	423	720	0
1663	424	522	0
1664	522	721	0
1665	424	721	0
1666	376	521	0
1667	521	722	0
1668	376	722	0
1669	721	722	0
1670	720	722	0
1671	720	721	0
1672	327	421	0
1673	327	723	0
1674	421	723	0
1675	422	524	0
1676	524	724	0
1677	422	724	0
1678	328	523	0
1679	523	725	0
1680	328	725	0
1681	724	725	0
1682	723	725	0
1683	723	724	0
1684	522	524	0
1685	522	726	0
1686	524	726	0
1687	519	523	0
1688	519	727	0
1689	523	727	0
1690	520	521	0
1691	520	728	0
1692	521	728	0
1693	727	728	0
1694	726	728	0
1695	726	727	0
1696	293	369	0
1697	369	729	0
1698	293	729	0
1699	294	525	0
1700	525	730	0
1701	294	730	0
1702	370	526	0
1703	526	731	0
1704	370	731	0
1705	730	731	0
1706	729	731	0
1707	729	730	0
1708	371	427	0
1709	371	732	0
1710	427	732	0
1711	428	528	0
1712	528	733	0
1713	428	733	0
1714	372	527	0
1715	527	734	0
1716	372	734	0
1717	733	734	0
1718	732	734	0
1719	732	733	0
1720	295	425	0
1721	295	735	0
1722	425	735	0
1723	426	530	0
1724	530	736	0
1725	426	736	0
1726	296	529	0
1727	529	737	0
1728	296	737	0
1729	736	737	0
1730	735	737	0
1731	735	736	0
1732	528	530	0
1733	528	738	0
1734	530	738	0
1735	525	529	0
1736	525	739	0
1737	529	739	0
1738	526	527	0
1739	526	740	0
1740	527	740	0
1741	739	740	0
1742	738	740	0
1743	738	739	0
1744	423	427	0
1745	427	741	0
1746	423	741	0
1747	424	531	0
1748	531	742	0
1749	424	742	0
1750	428	532	0
1751	532	743	0
1752	428	743	0
1753	742	743	0
1754	741	743	0
1755	741	742	0
1756	417	425	0
1757	425	744	0
1758	417	744	0
1759	418	533	0
1760	533	745	0
1761	418	745	0
1762	426	534	0
1763	534	746	0
1764	426	746	0
1765	745	746	0
1766	744	746	0
1767	744	745	0
1768	419	421	0
1769	421	747	0
1770	419	747	0
1771	420	535	0
1772	535	748	0
1773	420	748	0
1774	422	536	0
1775	536	749	0
1776	422	749	0
1777	748	749	0
1778	747	749	0
1779	747	748	0
1780	533	535	0
1781	533	750	0
1782	535	750	0
1783	531	536	0
1784	531	751	0
1785	536	751	0
1786	532	534	0
1787	532	752	0
1788	534	752	0
1789	751	752	0
1790	750	752	0
1791	750	751	0
1792	297	305	0
1793	297	753	0
1794	305	753	0
1795	306	538	0
1796	538	754	0
1797	306	754	0
1798	298	537	0
1799	537	755	0
1800	298	755	0
1801	754	755	0
1802	753	755	0
1803	753	754	0
1804	299	429	0
1805	299	756	0
1806	429	756	0
1807	430	540	0
1808	540	757	0
1809	430	757	0
1810	300	539	0
1811	539	758	0
1812	300	758	0
1813	757	758	0
1814	756	758	0
1815	756	757	0
1816	307	431	0
1817	307	759	0
1818	431	759	0
1819	432	542	0
1820	542	760	0
1821	432	760	0
1822	308	541	0
1823	541	761	0
1824	308	761	0
1825	760	761	0
1826	759	761	0
1827	759	760	0
1828	540	542	0
1829	540	762	0
1830	542	762	0
1831	538	541	0
1832	538	763	0
1833	541	763	0
1834	537	539	0
1835	537	764	0
1836	539	764	0
1837	763	764	0
1838	762	764	0
1839	762	763	0
1840	309	381	0
1841	381	765	0
1842	309	765	0
1843	310	543	0
1844	543	766	0
1845	310	766	0
1846	382	544	0
1847	544	767	0
1848	382	767	0
1849	766	767	0
1850	765	767	0
1851	765	766	0
1852	383	435	0
1853	383	768	0
1854	435	768	0
1855	436	546	0
1856	546	769	0
1857	436	769	0
1858	384	545	0
1859	545	770	0
1860	384	770	0
1861	769	770	0
1862	768	770	0
1863	768	769	0
1864	311	433	0
1865	311	771	0
1866	433	771	0
1867	434	548	0
1868	548	772	0
1869	434	772	0
1870	312	547	0
1871	547	773	0
1872	312	773	0
1873	772	773	0
1874	771	773	0
1875	771	772	0
1876	546	548	0
1877	546	774	0
1878	548	774	0
1879	543	547	0
1880	543	775	0
1881	547	775	0
1882	544	545	0
1883	544	776	0
1884	545	776	0
1885	775	776	0
1886	774	776	0
1887	774	775	0
1888	301	377	0
1889	377	777	0
1890	301	777	0
1891	302	549	0
1892	549	778	0
1893	302	778	0
1894	378	550	0
1895	550	779	0
1896	378	779	0
1897	778	779	0
1898	777	779	0
1899	777	778	0
1900	379	439	0
1901	379	780	0
1902	439	780	0
1903	440	552	0
1904	552	781	0
1905	440	781	0
1906	380	551	0
1907	551	782	0
1908	380	782	0
1909	781	782	0
1910	780	782	0
1911	780	781	0
1912	303	437	0
1913	303	783	0
1914	437	783	0
1915	438	554	0
1916	554	784	0
1917	438	784	0
1918	304	553	0
1919	553	785	0
1920	304	785	0
1921	784	785	0
1922	783	785	0
1923	783	784	0
1924	552	554	0
1925	552	786	0
1926	554	786	0
1927	549	553	0
1928	549	787	0
1929	553	787	0
1930	550	551	0
1931	550	788	0
1932	551	788	0
1933	787	788	0
1934	786	788	0
1935	786	787	0
1936	435	439	0
1937	439	789	0
1938	435	789	0
1939	436	555	0
1940	555	790	0
1941	436	790	0
1942	440	556	0
1943	556	791	0
1944	440	791	0
1945	790	791	0
1946	789	791	0
1947	789	790	0
1948	429	437	0
1949	437	792	0
1950	429	792	0
1951	430	557	0
1952	557	793	0
1953	430	793	0
1954	438	558	0
1955	558	794	0
1956	438	794	0
1957	793	794	0
1958	792	794	0
1959	792	793	0
1960	431	433	0
1961	433	795	0
1962	431	795	0
1963	432	559	0
1964	559	796	0
1965	432	796	0
1966	434	560	0
1967	560	797	0
1968	434	797	0
1969	796	797	0
1970	795	797	0
1971	795	796	0
1972	557	559	0
1973	557	798	0
1974	559	798	0
1975	555	560	0
1976	555	799	0
1977	560	799	0
1978	556	558	0
1979	556	800	0
1980	558	800	0
1981	799	800	0
1982	798	800	0
1983	798	799	0
1984	313	329	0
1985	329	801	0
1986	313	801	0
1987	314	561	0
1988	561	802	0
1989	314	802	0
1990	330	562	0
1991	562	803	0
1992	330	803	0
1993	802	803	0
1994	801	803	0
1995	801	802	0
1996	331	443	0
1997	331	804	0
1998	443	804	0
1999	444	564	0
2000	564	805	0
2001	444	805	0
2002	332	563	0
2003	563	806	0
2004	332	806	0
2005	805	806	0
2006	804	806	0
2007	804	805	0
2008	315	441	0
2009	315	807	0
2010	441	807	0
2011	442	566	0
2012	566	808	0
2013	442	808	0
2014	316	565	0
2015	565	809	0
2016	316	809	0
2017	808	809	0
2018	807	809	0
2019	807	808	0
2020	564	566	0
2021	564	810	0
2022	566	810	0
2023	561	565	0
2024	561	811	0
2025	565	811	0
2026	562	563	0
2027	562	812	0
2028	563	812	0
2029	811	812	0
2030	810	812	0
2031	810	811	0
2032	317	385	0
2033	385	813	0
2034	317	813	0
2035	318	567	0
2036	567	814	0
2037	318	814	0
2038	386	568	0
2039	568	815	0
2040	386	815	0
2041	814	815	0
2042	813	815	0
2043	813	814	0
2044	387	447	0
2045	387	816	0
2046	447	816	0
2047	448	570	0
2048	570	817	0
2049	448	817	0
2050	388	569	0
2051	569	818	0
2052	388	818	0
2053	817	818	0
2054	816	818	0
2055	816	817	0
2056	319	445	0
2057	319	819	0
2058	445	819	0
2059	446	572	0
2060	572	820	0
2061	446	820	0
2062	320	571	0
2063	571	821	0
2064	320	821	0
2065	820	821	0
2066	819	821	0
2067	819	820	0
2068	570	572	0
2069	570	822	0
2070	572	822	0
2071	567	571	0
2072	567	823	0
2073	571	823	0
2074	568	569	0
2075	568	824	0
2076	569	824	0
2077	823	824	0
2078	822	824	0
2079	822	823	0
2080	333	389	0
2081	389	825	0
2082	333	825	0
2083	334	573	0
2084	573	826	0
2085	334	826	0
2086	390	574	0
2087	574	827	0
2088	390	827	0
2089	826	827	0
2090	825	827	0
2091	825	826	0
2092	391	451	0
2093	391	828	0
2094	451	828	0
2095	452	576	0
2096	576	829	0
2097	452	829	0
2098	392	575	0
2099	575	830	0
2100	392	830	0
2101	829	830	0
2102	828	830	0
2103	828	829	0
2104	335	449	0
2105	335	831	0
2106	449	831	0
2107	450	578	0
2108	578	832	0
2109	450	832	0
2110	336	577	0
2111	577	833	0
2112	336	833	0
2113	832	833	0
2114	831	833	0
2115	831	832	0
2116	576	578	0
2117	576	834	0
2118	578	834	0
2119	573	577	0
2120	573	835	0
2121	577	835	0
2122	574	575	0
2123	574	836	0
2124	575	836	0
2125	835	836	0
2126	834	836	0
2127	834	835	0
2128	447	451	0
2129	451	837	0
2130	447	837	0
2131	448	579	0
2132	579	838	0
2133	448	838	0
2134	452	580	0
2135	580	839	0
2136	452	839	0
2137	838	839	0
2138	837	839	0
2139	837	838	0
2140	443	449	0
2141	449	840	0
2142	443	840	0
2143	444	581	0
2144	581	841	0
2145	444	841	0
2146	450	582	0
2147	582	842	0
2148	450	842	0
2149	841	842	0
2150	840	842	0
2151	840	841	0
2152	441	445	0
2153	445	843	0
2154	441	843	0
2155	442	583	0
2156	583	844	0
2157	442	844	0
2158	446	584	0
2159	584	845	0
2160	446	845	0
2161	844	845	0
2162	843	845	0
2163	843	844	0
2164	581	583	0
2165	581	846	0
2166	583	846	0
2167	579	584	0
2168	579	847	0
2169	584	847	0
2170	580	582	0
2171	580	848	0
2172	582	848	0
2173	847	848	0
2174	846	848	0
2175	846	847	0
2176	381	385	0
2177	381	849	0
2178	385	849	0
2179	386	586	0
2180	586	850	0
2181	386	850	0
2182	382	585	0
2183	585	851	0
2184	382	851	0
2185	850	851	0
2186	849	851	0
2187	849	850	0
2188	383	453	0
2189	383	852	0
2190	453	852	0
2191	454	588	0
2192	588	853	0
2193	454	853	0
2194	384	587	0
2195	587	854	0
2196	384	854	0
2197	853	854	0
2198	852	854	0
2199	852	853	0
2200	387	455	0
2201	387	855	0
2202	455	855	0
2203	456	590	0
2204	590	856	0
2205	456	856	0
2206	388	589	0
2207	589	857	0
2208	388	857	0
2209	856	857	0
2210	855	857	0
2211	855	856	0
2212	588	590	0
2213	588	858	0
2214	590	858	0
2215	586	589	0
2216	586	859	0
2217	589	859	0
2218	585	587	0
2219	585	860	0
2220	587	860	0
2221	859	860	0
2222	858	860	0
2223	858	859	0
2224	373	389	0
2225	373	861	0
2226	389	861	0
2227	390	592	0
2228	592	862	0
2229	390	862	0
2230	374	591	0
2231	591	863	0
2232	374	863	0
2233	862	863	0
2234	861	863	0
2235	861	862	0
2236	375	457	0
2237	375	864	0
2238	457	864	0
2239	458	594	0
2240	594	865	0
2241	458	865	0
2242	376	593	0
2243	593	866	0
2244	376	866	0
2245	865	866	0
2246	864	866	0
2247	864	865	0
2248	391	459	0
2249	391	867	0
2250	459	867	0
2251	460	596	0
2252	596	868	0
2253	460	868	0
2254	392	595	0
2255	595	869	0
2256	392	869	0
2257	868	869	0
2258	867	869	0
2259	867	868	0
2260	594	596	0
2261	594	870	0
2262	596	870	0
2263	592	595	0
2264	592	871	0
2265	595	871	0
2266	591	593	0
2267	591	872	0
2268	593	872	0
2269	871	872	0
2270	870	872	0
2271	870	871	0
2272	369	377	0
2273	369	873	0
2274	377	873	0
2275	378	598	0
2276	598	874	0
2277	378	874	0
2278	370	597	0
2279	597	875	0
2280	370	875	0
2281	874	875	0
2282	873	875	0
2283	873	874	0
2284	371	461	0
2285	371	876	0
2286	461	876	0
2287	462	600	0
2288	600	877	0
2289	462	877	0
2290	372	599	0
2291	599	878	0
2292	372	878	0
2293	877	878	0
2294	876	878	0
2295	876	877	0
2296	379	463	0
2297	379	879	0
2298	463	879	0
2299	464	602	0
2300	602	880	0
2301	464	880	0
2302	380	601	0
2303	601	881	0
2304	380	881	0
2305	880	881	0
2306	879	881	0
2307	879	880	0
2308	600	602	0
2309	600	882	0
2310	602	882	0
2311	598	601	0
2312	598	883	0
2313	601	883	0
2314	597	599	0
2315	597	884	0
2316	599	884	0
2317	883	884	0
2318	882	884	0
2319	882	883	0
2320	457	461	0
2321	461	885	0
2322	457	885	0
2323	458	603	0
2324	603	886	0
2325	458	886	0
2326	462	604	0
2327	604	887	0
2328	462	887	0
2329	886	887	0
2330	885	887	0
2331	885	886	0
2332	453	463	0
2333	463	888	0
2334	453	888	0
2335	454	605	0
2336	605	889	0
2337	454	889	0
2338	464	606	0
2339	606	890	0
2340	464	890	0
2341	889	890	0
2342	888	890	0
2343	888	889	0
2344	455	459	0
2345	459	891	0
2346	455	891	0
2347	456	607	0
2348	607	892	0
2349	456	892	0
2350	460	608	0
2351	608	893	0
2352	460	893	0
2353	892	893	0
2354	891	893	0
2355	891	892	0
2356	605	607	0
2357	605	894	0
2358	607	894	0
2359	603	608	0
2360	603	895	0
2361	608	895	0
2362	604	606	0
2363	604	896	0
2364	606	896	0
2365	895	896	0
2366	894	896	0
2367	894	895	0
2368	321	353	0
2369	321	897	0
2370	353	897	0
2371	354	610	0
2372	610	898	0
2373	354	898	0
2374	322	609	0
2375	609	899	0
2376	322	899	0
2377	898	899	0
2378	897	899	0
2379	897	898	0
2380	323	465	0
2381	323	900	0
2382	465	900	0
2383	466	612	0
2384	612	901	0
2385	466	901	0
2386	324	611	0
2387	611	902	0
2388	324	902	0
2389	901	902	0
2390	900	902	0
2391	900	901	0
2392	355	467	0
2393	355	903	0
2394	467	903	0
2395	468	614	0
2396	614	904	0
2397	468	904	0
2398	356	613	0
2399	613	905	0
2400	356	905	0
2401	904	905	0
2402	903	905	0
2403	903	904	0
2404	612	614	0
2405	612	906	0
2406	614	906	0
2407	610	613	0
2408	610	907	0
2409	613	907	0
2410	609	611	0
2411	609	908	0
2412	611	908	0
2413	907	908	0
2414	906	908	0
2415	906	907	0
2416	357	397	0
2417	397	909	0
2418	357	909	0
2419	358	615	0
2420	615	910	0
2421	358	910	0
2422	398	616	0
2423	616	911	0
2424	398	911	0
2425	910	911	0
2426	909	911	0
2427	909	910	0
2428	399	471	0
2429	399	912	0
2430	471	912	0
2431	472	618	0
2432	618	913	0
2433	472	913	0
2434	400	617	0
2435	617	914	0
2436	400	914	0
2437	913	914	0
2438	912	914	0
2439	912	913	0
2440	359	469	0
2441	359	915	0
2442	469	915	0
2443	470	620	0
2444	620	916	0
2445	470	916	0
2446	360	619	0
2447	619	917	0
2448	360	917	0
2449	916	917	0
2450	915	917	0
2451	915	916	0
2452	618	620	0
2453	618	918	0
2454	620	918	0
2455	615	619	0
2456	615	919	0
2457	619	919	0
2458	616	617	0
2459	616	920	0
2460	617	920	0
2461	919	920	0
2462	918	920	0
2463	918	919	0
2464	325	393	0
2465	393	921	0
2466	325	921	0
2467	326	621	0
2468	621	922	0
2469	326	922	0
2470	394	622	0
2471	622	923	0
2472	394	923	0
2473	922	923	0
2474	921	923	0
2475	921	922	0
2476	395	475	0
2477	395	924	0
2478	475	924	0
2479	476	624	0
2480	624	925	0
2481	476	925	0
2482	396	623	0
2483	623	926	0
2484	396	926	0
2485	925	926	0
2486	924	926	0
2487	924	925	0
2488	327	473	0
2489	327	927	0
2490	473	927	0
2491	474	626	0
2492	626	928	0
2493	474	928	0
2494	328	625	0
2495	625	929	0
2496	328	929	0
2497	928	929	0
2498	927	929	0
2499	927	928	0
2500	624	626	0
2501	624	930	0
2502	626	930	0
2503	621	625	0
2504	621	931	0
2505	625	931	0
2506	622	623	0
2507	622	932	0
2508	623	932	0
2509	931	932	0
2510	930	932	0
2511	930	931	0
2512	471	475	0
2513	475	933	0
2514	471	933	0
2515	472	627	0
2516	627	934	0
2517	472	934	0
2518	476	628	0
2519	628	935	0
2520	476	935	0
2521	934	935	0
2522	933	935	0
2523	933	934	0
2524	465	473	0
2525	473	936	0
2526	465	936	0
2527	466	629	0
2528	629	937	0
2529	466	937	0
2530	474	630	0
2531	630	938	0
2532	474	938	0
2533	937	938	0
2534	936	938	0
2535	936	937	0
2536	467	469	0
2537	469	939	0
2538	467	939	0
2539	468	631	0
2540	631	940	0
2541	468	940	0
2542	470	632	0
2543	632	941	0
2544	470	941	0
2545	940	941	0
2546	939	941	0
2547	939	940	0
2548	629	631	0
2549	629	942	0
2550	631	942	0
2551	627	632	0
2552	627	943	0
2553	632	943	0
2554	628	630	0
2555	628	944	0
2556	630	944	0
2557	943	944	0
2558	942	944	0
2559	942	943	0
2560	329	337	0
2561	329	945	0
2562	337	945	0
2563	338	634	0
2564	634	946	0
2565	338	946	0
2566	330	633	0
2567	633	947	0
2568	330	947	0
2569	946	947	0
2570	945	947	0
2571	945	946	0
2572	331	477	0
2573	331	948	0
2574	477	948	0
2575	478	636	0
2576	636	949	0
2577	478	949	0
2578	332	635	0
2579	635	950	0
2580	332	950	0
2581	949	950	0
2582	948	950	0
2583	948	949	0
2584	339	479	0
2585	339	951	0
2586	479	951	0
2587	480	638	0
2588	638	952	0
2589	480	952	0
2590	340	637	0
2591	637	953	0
2592	340	953	0
2593	952	953	0
2594	951	953	0
2595	951	952	0
2596	636	638	0
2597	636	954	0
2598	638	954	0
2599	634	637	0
2600	634	955	0
2601	637	955	0
2602	633	635	0
2603	633	956	0
2604	635	956	0
2605	955	956	0
2606	954	956	0
2607	954	955	0
2608	341	405	0
2609	405	957	0
2610	341	957	0
2611	342	639	0
2612	639	958	0
2613	342	958	0
2614	406	640	0
2615	640	959	0
2616	406	959	0
2617	958	959	0
2618	957	959	0
2619	957	958	0
2620	407	483	0
2621	407	960	0
2622	483	960	0
2623	484	642	0
2624	642	961	0
2625	484	961	0
2626	408	641	0
2627	641	962	0
2628	408	962	0
2629	961	962	0
2630	960	962	0
2631	960	961	0
2632	343	481	0
2633	343	963	0
2634	481	963	0
2635	482	644	0
2636	644	964	0
2637	482	964	0
2638	344	643	0
2639	643	965	0
2640	344	965	0
2641	964	965	0
2642	963	965	0
2643	963	964	0
2644	642	644	0
2645	642	966	0
2646	644	966	0
2647	639	643	0
2648	639	967	0
2649	643	967	0
2650	640	641	0
2651	640	968	0
2652	641	968	0
2653	967	968	0
2654	966	968	0
2655	966	967	0
2656	333	401	0
2657	401	969	0
2658	333	969	0
2659	334	645	0
2660	645	970	0
2661	334	970	0
2662	402	646	0
2663	646	971	0
2664	402	971	0
2665	970	971	0
2666	969	971	0
2667	969	970	0
2668	403	487	0
2669	403	972	0
2670	487	972	0
2671	488	648	0
2672	648	973	0
2673	488	973	0
2674	404	647	0
2675	647	974	0
2676	404	974	0
2677	973	974	0
2678	972	974	0
2679	972	973	0
2680	335	485	0
2681	335	975	0
2682	485	975	0
2683	486	650	0
2684	650	976	0
2685	486	976	0
2686	336	649	0
2687	649	977	0
2688	336	977	0
2689	976	977	0
2690	975	977	0
2691	975	976	0
2692	648	650	0
2693	648	978	0
2694	650	978	0
2695	645	649	0
2696	645	979	0
2697	649	979	0
2698	646	647	0
2699	646	980	0
2700	647	980	0
2701	979	980	0
2702	978	980	0
2703	978	979	0
2704	483	487	0
2705	487	981	0
2706	483	981	0
2707	484	651	0
2708	651	982	0
2709	484	982	0
2710	488	652	0
2711	652	983	0
2712	488	983	0
2713	982	983	0
2714	981	983	0
2715	981	982	0
2716	477	485	0
2717	485	984	0
2718	477	984	0
2719	478	653	0
2720	653	985	0
2721	478	985	0
2722	486	654	0
2723	654	986	0
2724	486	986	0
2725	985	986	0
2726	984	986	0
2727	984	985	0
2728	479	481	0
2729	481	987	0
2730	479	987	0
2731	480	655	0
2732	655	988	0
2733	480	988	0
2734	482	656	0
2735	656	989	0
2736	482	989	0
2737	988	989	0
2738	987	989	0
2739	987	988	0
2740	653	655	0
2741	653	990	0
2742	655	990	0
2743	651	656	0
2744	651	991	0
2745	656	991	0
2746	652	654	0
2747	652	992	0
2748	654	992	0
2749	991	992	0
2750	990	992	0
2751	990	991	0
2752	345	361	0
2753	361	993	0
2754	345	993	0
2755	346	657	0
2756	657	994	0
2757	346	994	0
2758	362	658	0
2759	658	995	0
2760	362	995	0
2761	994	995	0
2762	993	995	0
2763	993	994	0
2764	363	491	0
2765	363	996	0
2766	491	996	0
2767	492	660	0
2768	660	997	0
2769	492	997	0
2770	364	659	0
2771	659	998	0
2772	364	998	0
2773	997	998	0
2774	996	998	0
2775	996	997	0
2776	347	489	0
2777	347	999	0
2778	489	999	0
2779	490	662	0
2780	662	1000	0
2781	490	1000	0
2782	348	661	0
2783	661	1001	0
2784	348	1001	0
2785	1000	1001	0
2786	999	1001	0
2787	999	1000	0
2788	660	662	0
2789	660	1002	0
2790	662	1002	0
2791	657	661	0
2792	657	1003	0
2793	661	1003	0
2794	658	659	0
2795	658	1004	0
2796	659	1004	0
2797	1003	1004	0
2798	1002	1004	0
2799	1002	1003	0
2800	349	409	0
2801	409	1005	0
2802	349	1005	0
2803	350	663	0
2804	663	1006	0
2805	350	1006	0
2806	410	664	0
2807	664	1007	0
2808	410	1007	0
2809	1006	1007	0
2810	1005	1007	0
2811	1005	1006	0
2812	411	495	0
2813	411	1008	0
2814	495	1008	0
2815	496	666	0
2816	666	1009	0
2817	496	1009	0
2818	412	665	0
2819	665	1010	0
2820	412	1010	0
2821	1009	1010	0
2822	1008	1010	0
2823	1008	1009	0
2824	351	493	0
2825	351	1011	0
2826	493	1011	0
2827	494	668	0
2828	668	1012	0
2829	494	1012	0
2830	352	667	0
2831	667	1013	0
2832	352	1013	0
2833	1012	1013	0
2834	1011	1013	0
2835	1011	1012	0
2836	666	668	0
2837	666	1014	0
2838	668	1014	0
2839	663	667	0
2840	663	1015	0
2841	667	1015	0
2842	664	665	0
2843	664	1016	0
2844	665	1016	0
2845	1015	1016	0
2846	1014	1016	0
2847	1014	1015	0
2848	365	413	0
2849	413	1017	0
2850	365	1017	0
2851	366	669	0
2852	669	1018	0
2853	366	1018	0
2854	414	670	0
2855	670	1019	0
2856	414	1019	0
2857	1018	1019	0
2858	1017	1019	0
2859	1017	1018	0
2860	415	499	0
2861	415	1020	0
2862	499	1020	0
2863	500	672	0
2864	672	1021	0
2865	500	1021	0
2866	416	671	0
2867	671	1022	0
2868	416	1022	0
2869	1021	1022	0
2870	1020	1022	0
2871	1020	1021	0
2872	367	497	0
2873	367	1023	0
2874	497	1023	0
2875	498	674	0
2876	674	1024	0
2877	498	1024	0
2878	368	673	0
2879	673	1025	0
2880	368	1025	0
2881	1024	1025	0
2882	1023	1025	0
2883	1023	1024	0
2884	672	674	0
2885	672	1026	0
2886	674	1026	0
2887	669	673	0
2888	669	1027	0
2889	673	1027	0
2890	670	671	0
2891	670	1028	0
2892	671	1028	0
2893	1027	1028	0
2894	1026	1028	0
2895	1026	1027	0
2896	495	499	0
2897	499	1029	0
2898	495	1029	0
2899	496	675	0
2900	675	1030	0
2901	496	1030	0
2902	500	676	0
2903	676	1031	0
2904	500	1031	0
2905	1030	1031	0
2906	1029	1031	0
2907	1029	1030	0
2908	491	497	0
2909	497	1032	0
2910	491	1032	0
2911	492	677	0
2912	677	1033	0
2913	492	1033	0
2914	498	678	0
2915	678	1034	0
2916	498	1034	0
2917	1033	1034	0
2918	1032	1034	0
2919	1032	1033	0
2920	489	493	0
2921	493	1035	0
2922	489	1035	0
2923	490	679	0
2924	679	1036	0
2925	490	1036	0
2926	494	680	0
2927	680	1037	0
2928	494	1037	0
2929	1036	1037	0
2930	1035	1037	0
2931	1035	1036	0
2932	677	679	0
2933	677	1038	0
2934	679	1038	0
2935	675	680	0
2936	675	1039	0
2937	680	1039	0
2938	676	678	0
2939	676	1040	0
2940	678	1040	0
2941	1039	1040	0
2942	1038	1040	0
2943	1038	1039	0
2944	405	409	0
2945	405	1041	0
2946	409	1041	0
2947	410	682	0
2948	682	1042	0
2949	410	1042	0
2950	406	681	0
2951	681	1043	0
2952	406	1043	0
2953	1042	1043	0
2954	1041	1043	0
2955	1041	1042	0
2956	407	501	0
2957	407	1044	0
2958	501	1044	0
2959	502	684	0
2960	684	1045	0
2961	502	1045	0
2962	408	683	0
2963	683	1046	0
2964	408	1046	0
2965	1045	1046	0
2966	1044	1046	0
2967	1044	1045	0
2968	411	503	0
2969	411	1047	0
2970	503	1047	0
2971	504	686	0
2972	686	1048	0
2973	504	1048	0
2974	412	685	0
2975	685	1049	0
2976	412	1049	0
2977	1048	1049	0
2978	1047	1049	0
2979	1047	1048	0
2980	684	686	0
2981	684	1050	0
2982	686	1050	0
2983	682	685	0
2984	682	1051	0
2985	685	1051	0
2986	681	683	0
2987	681	1052	0
2988	683	1052	0
2989	1051	1052	0
2990	1050	1052	0
2991	1050	1051	0
2992	397	413	0
2993	397	1053	0
2994	413	1053	0
2995	414	688	0
2996	688	1054	0
2997	414	1054	0
2998	398	687	0
2999	687	1055	0
3000	398	1055	0
3001	1054	1055	0
3002	1053	1055	0
3003	1053	1054	0
3004	399	505	0
3005	399	1056	0
3006	505	1056	0
3007	506	690	0
3008	690	1057	0
3009	506	1057	0
3010	400	689	0
3011	689	1058	0
3012	400	1058	0
3013	1057	1058	0
3014	1056	1058	0
3015	1056	1057	0
3016	415	507	0
3017	415	1059	0
3018	507	1059	0
3019	508	692	0
3020	692	1060	0
3021	508	1060	0
3022	416	691	0
3023	691	1061	0
3024	416	1061	0
3025	1060	1061	0
3026	1059	1061	0
3027	1059	1060	0
3028	690	692	0
3029	690	1062	0
3030	692	1062	0
3031	688	691	0
3032	688	1063	0
3033	691	1063	0
3034	687	689	0
3035	687	1064	0
3036	689	1064	0
3037	1063	1064	0
3038	1062	1064	0
3039	1062	1063	0
3040	393	401	0
3041	393	1065	0
3042	401	1065	0
3043	402	694	0
3044	694	1066	0
3045	402	1066	0
3046	394	693	0
3047	693	1067	0
3048	394	1067	0
3049	1066	1067	0
3050	1065	1067	0
3051	1065	1066	0
3052	395	509	0
3053	395	1068	0
3054	509	1068	0
3055	510	696	0
3056	696	1069	0
3057	510	1069	0
3058	396	695	0
3059	695	1070	0
3060	396	1070	0
3061	1069	1070	0
3062	1068	1070	0
3063	1068	1069	0
3064	403	511	0
3065	403	1071	0
3066	511	1071	0
3067	512	698	0
3068	698	1072	0
3069	512	1072	0
3070	404	697	0
3071	697	1073	0
3072	404	1073	0
3073	1072	1073	0
3074	1071	1073	0
3075	1071	1072	0
3076	696	698	0
3077	696	1074	0
3078	698	1074	0
3079	694	697	0
3080	694	1075	0
3081	697	1075	0
3082	693	695	0
3083	693	1076	0
3084	695	1076	0
3085	1075	1076	0
3086	1074	1076	0
3087	1074	1075	0
3088	505	509	0
3089	509	1077	0
3090	505	1077	0
3091	506	699	0
3092	699	1078	0
3093	506	1078	0
3094	510	700	0
3095	700	1079	0
3096	510	1079	0
3097	1078	1079	0
3098	1077	1079	0
3099	1077	1078	0
3100	501	511	0
3101	511	1080	0
3102	501	1080	0
3103	502	701	0
3104	701	1081	0
3105	502	1081	0
3106	512	702	0
3107	702	1082	0
3108	512	1082	0
3109	1081	1082	0
3110	1080	1082	0
3111	1080	1081	0
3112	503	507	0
3113	507	1083	0
3114	503	1083	0
3115	504	703	0
3116	703	1084	0
3117	504	1084	0
3118	508	704	0
3119	704	1085	0
3120	508	1085	0
3121	1084	1085	0
3122	1083	1085	0
3123	1083	1084	0
3124	701	703	0
3125	701	1086	0
3126	703	1086	0
3127	699	704	0
3128	699	1087	0
3129	704	1087	0
3130	700	702	0
3131	700	1088	0
3132	702	1088	0
3133	1087	1088	0
3134	1086	1088	0
3135	1086	1087	0
