2048	3	0   0
0	0	321	289
1	81	705	289
2	97	705	321
3	705	321	289
4	33	322	514
5	193	706	514
6	97	706	322
7	706	322	514
8	25	290	513
9	193	707	513
10	81	707	290
11	707	290	513
12	193	706	707
13	81	705	707
14	97	705	706
15	705	706	707
16	9	417	291
17	82	708	291
18	145	708	417
19	708	417	291
20	57	418	516
21	194	709	516
22	145	709	418
23	709	418	516
24	25	292	515
25	194	710	515
26	82	710	292
27	710	292	515
28	194	709	710
29	82	708	710
30	145	708	709
31	708	709	710
32	13	419	323
33	98	711	323
34	146	711	419
35	711	419	323
36	57	420	518
37	195	712	518
38	146	712	420
39	712	420	518
40	33	324	517
41	195	713	517
42	98	713	324
43	713	324	517
44	195	712	713
45	98	711	713
46	146	711	712
47	711	712	713
48	57	518	516
49	194	714	516
50	195	714	518
51	714	518	516
52	33	517	514
53	193	715	514
54	195	715	517
55	715	517	514
56	25	515	513
57	193	716	513
58	194	716	515
59	716	515	513
60	193	715	716
61	194	714	716
62	195	714	715
63	714	715	716
64	6	325	373
65	123	717	373
66	99	717	325
67	717	325	373
68	34	326	519
69	196	718	519
70	99	718	326
71	718	326	519
72	46	374	520
73	196	719	520
74	123	719	374
75	719	374	520
76	196	718	719
77	123	717	719
78	99	717	718
79	717	718	719
80	19	423	375
81	124	720	375
82	148	720	423
83	720	423	375
84	58	424	522
85	197	721	522
86	148	721	424
87	721	424	522
88	46	376	521
89	197	722	521
90	124	722	376
91	722	376	521
92	197	721	722
93	124	720	722
94	148	720	721
95	720	721	722
96	13	421	327
97	100	723	327
98	147	723	421
99	723	421	327
100	58	422	524
101	198	724	524
102	147	724	422
103	724	422	524
104	34	328	523
105	198	725	523
106	100	725	328
107	725	328	523
108	198	724	725
109	100	723	725
110	147	723	724
111	723	724	725
112	58	524	522
113	197	726	522
114	198	726	524
115	726	524	522
116	34	523	519
117	196	727	519
118	198	727	523
119	727	523	519
120	46	521	520
121	196	728	520
122	197	728	521
123	728	521	520
124	196	727	728
125	197	726	728
126	198	726	727
127	726	727	728
128	4	293	369
129	121	729	369
130	83	729	293
131	729	293	369
132	26	294	525
133	199	730	525
134	83	730	294
135	730	294	525
136	45	370	526
137	199	731	526
138	121	731	370
139	731	370	526
140	199	730	731
141	121	729	731
142	83	729	730
143	729	730	731
144	19	427	371
145	122	732	371
146	150	732	427
147	732	427	371
148	59	428	528
149	200	733	528
150	150	733	428
151	733	428	528
152	45	372	527
153	200	734	527
154	122	734	372
155	734	372	527
156	200	733	734
157	122	732	734
158	150	732	733
159	732	733	734
160	9	425	295
161	84	735	295
162	149	735	425
163	735	425	295
164	59	426	530
165	201	736	530
166	149	736	426
167	736	426	530
168	26	296	529
169	201	737	529
170	84	737	296
171	737	296	529
172	201	736	737
173	84	735	737
174	149	735	736
175	735	736	737
176	59	530	528
177	200	738	528
178	201	738	530
179	738	530	528
180	26	529	525
181	199	739	525
182	201	739	529
183	739	529	525
184	45	527	526
185	199	740	526
186	200	740	527
187	740	527	526
188	199	739	740
189	200	738	740
190	201	738	739
191	738	739	740
192	19	423	427
193	150	741	427
194	148	741	423
195	741	423	427
196	58	424	531
197	202	742	531
198	148	742	424
199	742	424	531
200	59	428	532
201	202	743	532
202	150	743	428
203	743	428	532
204	202	742	743
205	150	741	743
206	148	741	742
207	741	742	743
208	9	417	425
209	149	744	425
210	145	744	417
211	744	417	425
212	57	418	533
213	203	745	533
214	145	745	418
215	745	418	533
216	59	426	534
217	203	746	534
218	149	746	426
219	746	426	534
220	203	745	746
221	149	744	746
222	145	744	745
223	744	745	746
224	13	419	421
225	147	747	421
226	146	747	419
227	747	419	421
228	57	420	535
229	204	748	535
230	146	748	420
231	748	420	535
232	58	422	536
233	204	749	536
234	147	749	422
235	749	422	536
236	204	748	749
237	147	747	749
238	146	747	748
239	747	748	749
240	57	535	533
241	203	750	533
242	204	750	535
243	750	535	533
244	58	536	531
245	202	751	531
246	204	751	536
247	751	536	531
248	59	534	532
249	202	752	532
250	203	752	534
251	752	534	532
252	202	751	752
253	203	750	752
254	204	750	751
255	750	751	752
256	1	305	297
257	85	753	297
258	89	753	305
259	753	305	297
260	29	306	538
261	205	754	538
262	89	754	306
263	754	306	538
264	27	298	537
265	205	755	537
266	85	755	298
267	755	298	537
268	205	754	755
269	85	753	755
270	89	753	754
271	753	754	755
272	10	429	299
273	86	756	299
274	151	756	429
275	756	429	299
276	60	430	540
277	206	757	540
278	151	757	430
279	757	430	540
280	27	300	539
281	206	758	539
282	86	758	300
283	758	300	539
284	206	757	758
285	86	756	758
286	151	756	757
287	756	757	758
288	11	431	307
289	90	759	307
290	152	759	431
291	759	431	307
292	60	432	542
293	207	760	542
294	152	760	432
295	760	432	542
296	29	308	541
297	207	761	541
298	90	761	308
299	761	308	541
300	207	760	761
301	90	759	761
302	152	759	760
303	759	760	761
304	60	542	540
305	206	762	540
306	207	762	542
307	762	542	540
308	29	541	538
309	205	763	538
310	207	763	541
311	763	541	538
312	27	539	537
313	205	764	537
314	206	764	539
315	764	539	537
316	205	763	764
317	206	762	764
318	207	762	763
319	762	763	764
320	5	309	381
321	127	765	381
322	91	765	309
323	765	309	381
324	30	310	543
325	208	766	543
326	91	766	310
327	766	310	543
328	48	382	544
329	208	767	544
330	127	767	382
331	767	382	544
332	208	766	767
333	127	765	767
334	91	765	766
335	765	766	767
336	20	435	383
337	128	768	383
338	154	768	435
339	768	435	383
340	61	436	546
341	209	769	546
342	154	769	436
343	769	436	546
344	48	384	545
345	209	770	545
346	128	770	384
347	770	384	545
348	209	769	770
349	128	768	770
350	154	768	769
351	768	769	770
352	11	433	311
353	92	771	311
354	153	771	433
355	771	433	311
356	61	434	548
357	210	772	548
358	153	772	434
359	772	434	548
360	30	312	547
361	210	773	547
362	92	773	312
363	773	312	547
364	210	772	773
365	92	771	773
366	153	771	772
367	771	772	773
368	61	548	546
369	209	774	546
370	210	774	548
371	774	548	546
372	30	547	543
373	208	775	543
374	210	775	547
375	775	547	543
376	48	545	544
377	208	776	544
378	209	776	545
379	776	545	544
380	208	775	776
381	209	774	776
382	210	774	775
383	774	775	776
384	4	301	377
385	125	777	377
386	87	777	301
387	777	301	377
388	28	302	549
389	211	778	549
390	87	778	302
391	778	302	549
392	47	378	550
393	211	779	550
394	125	779	378
395	779	378	550
396	211	778	779
397	125	777	779
398	87	777	778
399	777	778	779
400	20	439	379
401	126	780	379
402	156	780	439
403	780	439	379
404	62	440	552
405	212	781	552
406	156	781	440
407	781	440	552
408	47	380	551
409	212	782	551
410	126	782	380
411	782	380	551
412	212	781	782
413	126	780	782
414	156	780	781
415	780	781	782
416	10	437	303
417	88	783	303
418	155	783	437
419	783	437	303
420	62	438	554
421	213	784	554
422	155	784	438
423	784	438	554
424	28	304	553
425	213	785	553
426	88	785	304
427	785	304	553
428	213	784	785
429	88	783	785
430	155	783	784
431	783	784	785
432	62	554	552
433	212	786	552
434	213	786	554
435	786	554	552
436	28	553	549
437	211	787	549
438	213	787	553
439	787	553	549
440	47	551	550
441	211	788	550
442	212	788	551
443	788	551	550
444	211	787	788
445	212	786	788
446	213	786	787
447	786	787	788
448	20	435	439
449	156	789	439
450	154	789	435
451	789	435	439
452	61	436	555
453	214	790	555
454	154	790	436
455	790	436	555
456	62	440	556
457	214	791	556
458	156	791	440
459	791	440	556
460	214	790	791
461	156	789	791
462	154	789	790
463	789	790	791
464	10	429	437
465	155	792	437
466	151	792	429
467	792	429	437
468	60	430	557
469	215	793	557
470	151	793	430
471	793	430	557
472	62	438	558
473	215	794	558
474	155	794	438
475	794	438	558
476	215	793	794
477	155	792	794
478	151	792	793
479	792	793	794
480	11	431	433
481	153	795	433
482	152	795	431
483	795	431	433
484	60	432	559
485	216	796	559
486	152	796	432
487	796	432	559
488	61	434	560
489	216	797	560
490	153	797	434
491	797	434	560
492	216	796	797
493	153	795	797
494	152	795	796
495	795	796	797
496	60	559	557
497	215	798	557
498	216	798	559
499	798	559	557
500	61	560	555
501	214	799	555
502	216	799	560
503	799	560	555
504	62	558	556
505	214	800	556
506	215	800	558
507	800	558	556
508	214	799	800
509	215	798	800
510	216	798	799
511	798	799	800
512	2	313	329
513	101	801	329
514	93	801	313
515	801	313	329
516	31	314	561
517	217	802	561
518	93	802	314
519	802	314	561
520	35	330	562
521	217	803	562
522	101	803	330
523	803	330	562
524	217	802	803
525	101	801	803
526	93	801	802
527	801	802	803
528	14	443	331
529	102	804	331
530	158	804	443
531	804	443	331
532	63	444	564
533	218	805	564
534	158	805	444
535	805	444	564
536	35	332	563
537	218	806	563
538	102	806	332
539	806	332	563
540	218	805	806
541	102	804	806
542	158	804	805
543	804	805	806
544	12	441	315
545	94	807	315
546	157	807	441
547	807	441	315
548	63	442	566
549	219	808	566
550	157	808	442
551	808	442	566
552	31	316	565
553	219	809	565
554	94	809	316
555	809	316	565
556	219	808	809
557	94	807	809
558	157	807	808
559	807	808	809
560	63	566	564
561	218	810	564
562	219	810	566
563	810	566	564
564	31	565	561
565	217	811	561
566	219	811	565
567	811	565	561
568	35	563	562
569	217	812	562
570	218	812	563
571	812	563	562
572	217	811	812
573	218	810	812
574	219	810	811
575	810	811	812
576	5	317	385
577	129	813	385
578	95	813	317
579	813	317	385
580	32	318	567
581	220	814	567
582	95	814	318
583	814	318	567
584	49	386	568
585	220	815	568
586	129	815	386
587	815	386	568
588	220	814	815
589	129	813	815
590	95	813	814
591	813	814	815
592	21	447	387
593	130	816	387
594	160	816	447
595	816	447	387
596	64	448	570
597	221	817	570
598	160	817	448
599	817	448	570
600	49	388	569
601	221	818	569
602	130	818	388
603	818	388	569
604	221	817	818
605	130	816	818
606	160	816	817
607	816	817	818
608	12	445	319
609	96	819	319
610	159	819	445
611	819	445	319
612	64	446	572
613	222	820	572
614	159	820	446
615	820	446	572
616	32	320	571
617	222	821	571
618	96	821	320
619	821	320	571
620	222	820	821
621	96	819	821
622	159	819	820
623	819	820	821
624	64	572	570
625	221	822	570
626	222	822	572
627	822	572	570
628	32	571	567
629	220	823	567
630	222	823	571
631	823	571	567
632	49	569	568
633	220	824	568
634	221	824	569
635	824	569	568
636	220	823	824
637	221	822	824
638	222	822	823
639	822	823	824
640	6	333	389
641	131	825	389
642	103	825	333
643	825	333	389
644	36	334	573
645	223	826	573
646	103	826	334
647	826	334	573
648	50	390	574
649	223	827	574
650	131	827	390
651	827	390	574
652	223	826	827
653	131	825	827
654	103	825	826
655	825	826	827
656	21	451	391
657	132	828	391
658	162	828	451
659	828	451	391
660	65	452	576
661	224	829	576
662	162	829	452
663	829	452	576
664	50	392	575
665	224	830	575
666	132	830	392
667	830	392	575
668	224	829	830
669	132	828	830
670	162	828	829
671	828	829	830
672	14	449	335
673	104	831	335
674	161	831	449
675	831	449	335
676	65	450	578
677	225	832	578
678	161	832	450
679	832	450	578
680	36	336	577
681	225	833	577
682	104	833	336
683	833	336	577
684	225	832	833
685	104	831	833
686	161	831	832
687	831	832	833
688	65	578	576
689	224	834	576
690	225	834	578
691	834	578	576
692	36	577	573
693	223	835	573
694	225	835	577
695	835	577	573
696	50	575	574
697	223	836	574
698	224	836	575
699	836	575	574
700	223	835	836
701	224	834	836
702	225	834	835
703	834	835	836
704	21	447	451
705	162	837	451
706	160	837	447
707	837	447	451
708	64	448	579
709	226	838	579
710	160	838	448
711	838	448	579
712	65	452	580
713	226	839	580
714	162	839	452
715	839	452	580
716	226	838	839
717	162	837	839
718	160	837	838
719	837	838	839
720	14	443	449
721	161	840	449
722	158	840	443
723	840	443	449
724	63	444	581
725	227	841	581
726	158	841	444
727	841	444	581
728	65	450	582
729	227	842	582
730	161	842	450
731	842	450	582
732	227	841	842
733	161	840	842
734	158	840	841
735	840	841	842
736	12	441	445
737	159	843	445
738	157	843	441
739	843	441	445
740	63	442	583
741	228	844	583
742	157	844	442
743	844	442	583
744	64	446	584
745	228	845	584
746	159	845	446
747	845	446	584
748	228	844	845
749	159	843	845
750	157	843	844
751	843	844	845
752	63	583	581
753	227	846	581
754	228	846	583
755	846	583	581
756	64	584	579
757	226	847	579
758	228	847	584
759	847	584	579
760	65	582	580
761	226	848	580
762	227	848	582
763	848	582	580
764	226	847	848
765	227	846	848
766	228	846	847
767	846	847	848
768	5	385	381
769	127	849	381
770	129	849	385
771	849	385	381
772	49	386	586
773	229	850	586
774	129	850	386
775	850	386	586
776	48	382	585
777	229	851	585
778	127	851	382
779	851	382	585
780	229	850	851
781	127	849	851
782	129	849	850
783	849	850	851
784	20	453	383
785	128	852	383
786	163	852	453
787	852	453	383
788	66	454	588
789	230	853	588
790	163	853	454
791	853	454	588
792	48	384	587
793	230	854	587
794	128	854	384
795	854	384	587
796	230	853	854
797	128	852	854
798	163	852	853
799	852	853	854
800	21	455	387
801	130	855	387
802	164	855	455
803	855	455	387
804	66	456	590
805	231	856	590
806	164	856	456
807	856	456	590
808	49	388	589
809	231	857	589
810	130	857	388
811	857	388	589
812	231	856	857
813	130	855	857
814	164	855	856
815	855	856	857
816	66	590	588
817	230	858	588
818	231	858	590
819	858	590	588
820	49	589	586
821	229	859	586
822	231	859	589
823	859	589	586
824	48	587	585
825	229	860	585
826	230	860	587
827	860	587	585
828	229	859	860
829	230	858	860
830	231	858	859
831	858	859	860
832	6	389	373
833	123	861	373
834	131	861	389
835	861	389	373
836	50	390	592
837	232	862	592
838	131	862	390
839	862	390	592
840	46	374	591
841	232	863	591
842	123	863	374
843	863	374	591
844	232	862	863
845	123	861	863
846	131	861	862
847	861	862	863
848	19	457	375
849	124	864	375
850	165	864	457
851	864	457	375
852	67	458	594
853	233	865	594
854	165	865	458
855	865	458	594
856	46	376	593
857	233	866	593
858	124	866	376
859	866	376	593
860	233	865	866
861	124	864	866
862	165	864	865
863	864	865	866
864	21	459	391
865	132	867	391
866	166	867	459
867	867	459	391
868	67	460	596
869	234	868	596
870	166	868	460
871	868	460	596
872	50	392	595
873	234	869	595
874	132	869	392
875	869	392	595
876	234	868	869
877	132	867	869
878	166	867	868
879	867	868	869
880	67	596	594
881	233	870	594
882	234	870	596
883	870	596	594
884	50	595	592
885	232	871	592
886	234	871	595
887	871	595	592
888	46	593	591
889	232	872	591
890	233	872	593
891	872	593	591
892	232	871	872
893	233	870	872
894	234	870	871
895	870	871	872
896	4	377	369
897	121	873	369
898	125	873	377
899	873	377	369
900	47	378	598
901	235	874	598
902	125	874	378
903	874	378	598
904	45	370	597
905	235	875	597
906	121	875	370
907	875	370	597
908	235	874	875
909	121	873	875
910	125	873	874
911	873	874	875
912	19	461	371
913	122	876	371
914	167	876	461
915	876	461	371
916	68	462	600
917	236	877	600
918	167	877	462
919	877	462	600
920	45	372	599
921	236	878	599
922	122	878	372
923	878	372	599
924	236	877	878
925	122	876	878
926	167	876	877
927	876	877	878
928	20	463	379
929	126	879	379
930	168	879	463
931	879	463	379
932	68	464	602
933	237	880	602
934	168	880	464
935	880	464	602
936	47	380	601
937	237	881	601
938	126	881	380
939	881	380	601
940	237	880	881
941	126	879	881
942	168	879	880
943	879	880	881
944	68	602	600
945	236	882	600
946	237	882	602
947	882	602	600
948	47	601	598
949	235	883	598
950	237	883	601
951	883	601	598
952	45	599	597
953	235	884	597
954	236	884	599
955	884	599	597
956	235	883	884
957	236	882	884
958	237	882	883
959	882	883	884
960	19	457	461
961	167	885	461
962	165	885	457
963	885	457	461
964	67	458	603
965	238	886	603
966	165	886	458
967	886	458	603
968	68	462	604
969	238	887	604
970	167	887	462
971	887	462	604
972	238	886	887
973	167	885	887
974	165	885	886
975	885	886	887
976	20	453	463
977	168	888	463
978	163	888	453
979	888	453	463
980	66	454	605
981	239	889	605
982	163	889	454
983	889	454	605
984	68	464	606
985	239	890	606
986	168	890	464
987	890	464	606
988	239	889	890
989	168	888	890
990	163	888	889
991	888	889	890
992	21	455	459
993	166	891	459
994	164	891	455
995	891	455	459
996	66	456	607
997	240	892	607
998	164	892	456
999	892	456	607
1000	67	460	608
1001	240	893	608
1002	166	893	460
1003	893	460	608
1004	240	892	893
1005	166	891	893
1006	164	891	892
1007	891	892	893
1008	66	607	605
1009	239	894	605
1010	240	894	607
1011	894	607	605
1012	67	608	603
1013	238	895	603
1014	240	895	608
1015	895	608	603
1016	68	606	604
1017	238	896	604
1018	239	896	606
1019	896	606	604
1020	238	895	896
1021	239	894	896
1022	240	894	895
1023	894	895	896
1024	0	353	321
1025	97	897	321
1026	113	897	353
1027	897	353	321
1028	41	354	610
1029	241	898	610
1030	113	898	354
1031	898	354	610
1032	33	322	609
1033	241	899	609
1034	97	899	322
1035	899	322	609
1036	241	898	899
1037	97	897	899
1038	113	897	898
1039	897	898	899
1040	13	465	323
1041	98	900	323
1042	169	900	465
1043	900	465	323
1044	69	466	612
1045	242	901	612
1046	169	901	466
1047	901	466	612
1048	33	324	611
1049	242	902	611
1050	98	902	324
1051	902	324	611
1052	242	901	902
1053	98	900	902
1054	169	900	901
1055	900	901	902
1056	17	467	355
1057	114	903	355
1058	170	903	467
1059	903	467	355
1060	69	468	614
1061	243	904	614
1062	170	904	468
1063	904	468	614
1064	41	356	613
1065	243	905	613
1066	114	905	356
1067	905	356	613
1068	243	904	905
1069	114	903	905
1070	170	903	904
1071	903	904	905
1072	69	614	612
1073	242	906	612
1074	243	906	614
1075	906	614	612
1076	41	613	610
1077	241	907	610
1078	243	907	613
1079	907	613	610
1080	33	611	609
1081	241	908	609
1082	242	908	611
1083	908	611	609
1084	241	907	908
1085	242	906	908
1086	243	906	907
1087	906	907	908
1088	8	357	397
1089	135	909	397
1090	115	909	357
1091	909	357	397
1092	42	358	615
1093	244	910	615
1094	115	910	358
1095	910	358	615
1096	52	398	616
1097	244	911	616
1098	135	911	398
1099	911	398	616
1100	244	910	911
1101	135	909	911
1102	115	909	910
1103	909	910	911
1104	22	471	399
1105	136	912	399
1106	172	912	471
1107	912	471	399
1108	70	472	618
1109	245	913	618
1110	172	913	472
1111	913	472	618
1112	52	400	617
1113	245	914	617
1114	136	914	400
1115	914	400	617
1116	245	913	914
1117	136	912	914
1118	172	912	913
1119	912	913	914
1120	17	469	359
1121	116	915	359
1122	171	915	469
1123	915	469	359
1124	70	470	620
1125	246	916	620
1126	171	916	470
1127	916	470	620
1128	42	360	619
1129	246	917	619
1130	116	917	360
1131	917	360	619
1132	246	916	917
1133	116	915	917
1134	171	915	916
1135	915	916	917
1136	70	620	618
1137	245	918	618
1138	246	918	620
1139	918	620	618
1140	42	619	615
1141	244	919	615
1142	246	919	619
1143	919	619	615
1144	52	617	616
1145	244	920	616
1146	245	920	617
1147	920	617	616
1148	244	919	920
1149	245	918	920
1150	246	918	919
1151	918	919	920
1152	6	325	393
1153	133	921	393
1154	99	921	325
1155	921	325	393
1156	34	326	621
1157	247	922	621
1158	99	922	326
1159	922	326	621
1160	51	394	622
1161	247	923	622
1162	133	923	394
1163	923	394	622
1164	247	922	923
1165	133	921	923
1166	99	921	922
1167	921	922	923
1168	22	475	395
1169	134	924	395
1170	174	924	475
1171	924	475	395
1172	71	476	624
1173	248	925	624
1174	174	925	476
1175	925	476	624
1176	51	396	623
1177	248	926	623
1178	134	926	396
1179	926	396	623
1180	248	925	926
1181	134	924	926
1182	174	924	925
1183	924	925	926
1184	13	473	327
1185	100	927	327
1186	173	927	473
1187	927	473	327
1188	71	474	626
1189	249	928	626
1190	173	928	474
1191	928	474	626
1192	34	328	625
1193	249	929	625
1194	100	929	328
1195	929	328	625
1196	249	928	929
1197	100	927	929
1198	173	927	928
1199	927	928	929
1200	71	626	624
1201	248	930	624
1202	249	930	626
1203	930	626	624
1204	34	625	621
1205	247	931	621
1206	249	931	625
1207	931	625	621
1208	51	623	622
1209	247	932	622
1210	248	932	623
1211	932	623	622
1212	247	931	932
1213	248	930	932
1214	249	930	931
1215	930	931	932
1216	22	471	475
1217	174	933	475
1218	172	933	471
1219	933	471	475
1220	70	472	627
1221	250	934	627
1222	172	934	472
1223	934	472	627
1224	71	476	628
1225	250	935	628
1226	174	935	476
1227	935	476	628
1228	250	934	935
1229	174	933	935
1230	172	933	934
1231	933	934	935
1232	13	465	473
1233	173	936	473
1234	169	936	465
1235	936	465	473
1236	69	466	629
1237	251	937	629
1238	169	937	466
1239	937	466	629
1240	71	474	630
1241	251	938	630
1242	173	938	474
1243	938	474	630
1244	251	937	938
1245	173	936	938
1246	169	936	937
1247	936	937	938
1248	17	467	469
1249	171	939	469
1250	170	939	467
1251	939	467	469
1252	69	468	631
1253	252	940	631
1254	170	940	468
1255	940	468	631
1256	70	470	632
1257	252	941	632
1258	171	941	470
1259	941	470	632
1260	252	940	941
1261	171	939	941
1262	170	939	940
1263	939	940	941
1264	69	631	629
1265	251	942	629
1266	252	942	631
1267	942	631	629
1268	70	632	627
1269	250	943	627
1270	252	943	632
1271	943	632	627
1272	71	630	628
1273	250	944	628
1274	251	944	630
1275	944	630	628
1276	250	943	944
1277	251	942	944
1278	252	942	943
1279	942	943	944
1280	2	337	329
1281	101	945	329
1282	105	945	337
1283	945	337	329
1284	37	338	634
1285	253	946	634
1286	105	946	338
1287	946	338	634
1288	35	330	633
1289	253	947	633
1290	101	947	330
1291	947	330	633
1292	253	946	947
1293	101	945	947
1294	105	945	946
1295	945	946	947
1296	14	477	331
1297	102	948	331
1298	175	948	477
1299	948	477	331
1300	72	478	636
1301	254	949	636
1302	175	949	478
1303	949	478	636
1304	35	332	635
1305	254	950	635
1306	102	950	332
1307	950	332	635
1308	254	949	950
1309	102	948	950
1310	175	948	949
1311	948	949	950
1312	15	479	339
1313	106	951	339
1314	176	951	479
1315	951	479	339
1316	72	480	638
1317	255	952	638
1318	176	952	480
1319	952	480	638
1320	37	340	637
1321	255	953	637
1322	106	953	340
1323	953	340	637
1324	255	952	953
1325	106	951	953
1326	176	951	952
1327	951	952	953
1328	72	638	636
1329	254	954	636
1330	255	954	638
1331	954	638	636
1332	37	637	634
1333	253	955	634
1334	255	955	637
1335	955	637	634
1336	35	635	633
1337	253	956	633
1338	254	956	635
1339	956	635	633
1340	253	955	956
1341	254	954	956
1342	255	954	955
1343	954	955	956
1344	7	341	405
1345	139	957	405
1346	107	957	341
1347	957	341	405
1348	38	342	639
1349	256	958	639
1350	107	958	342
1351	958	342	639
1352	54	406	640
1353	256	959	640
1354	139	959	406
1355	959	406	640
1356	256	958	959
1357	139	957	959
1358	107	957	958
1359	957	958	959
1360	23	483	407
1361	140	960	407
1362	178	960	483
1363	960	483	407
1364	73	484	642
1365	257	961	642
1366	178	961	484
1367	961	484	642
1368	54	408	641
1369	257	962	641
1370	140	962	408
1371	962	408	641
1372	257	961	962
1373	140	960	962
1374	178	960	961
1375	960	961	962
1376	15	481	343
1377	108	963	343
1378	177	963	481
1379	963	481	343
1380	73	482	644
1381	258	964	644
1382	177	964	482
1383	964	482	644
1384	38	344	643
1385	258	965	643
1386	108	965	344
1387	965	344	643
1388	258	964	965
1389	108	963	965
1390	177	963	964
1391	963	964	965
1392	73	644	642
1393	257	966	642
1394	258	966	644
1395	966	644	642
1396	38	643	639
1397	256	967	639
1398	258	967	643
1399	967	643	639
1400	54	641	640
1401	256	968	640
1402	257	968	641
1403	968	641	640
1404	256	967	968
1405	257	966	968
1406	258	966	967
1407	966	967	968
1408	6	333	401
1409	137	969	401
1410	103	969	333
1411	969	333	401
1412	36	334	645
1413	259	970	645
1414	103	970	334
1415	970	334	645
1416	53	402	646
1417	259	971	646
1418	137	971	402
1419	971	402	646
1420	259	970	971
1421	137	969	971
1422	103	969	970
1423	969	970	971
1424	23	487	403
1425	138	972	403
1426	180	972	487
1427	972	487	403
1428	74	488	648
1429	260	973	648
1430	180	973	488
1431	973	488	648
1432	53	404	647
1433	260	974	647
1434	138	974	404
1435	974	404	647
1436	260	973	974
1437	138	972	974
1438	180	972	973
1439	972	973	974
1440	14	485	335
1441	104	975	335
1442	179	975	485
1443	975	485	335
1444	74	486	650
1445	261	976	650
1446	179	976	486
1447	976	486	650
1448	36	336	649
1449	261	977	649
1450	104	977	336
1451	977	336	649
1452	261	976	977
1453	104	975	977
1454	179	975	976
1455	975	976	977
1456	74	650	648
1457	260	978	648
1458	261	978	650
1459	978	650	648
1460	36	649	645
1461	259	979	645
1462	261	979	649
1463	979	649	645
1464	53	647	646
1465	259	980	646
1466	260	980	647
1467	980	647	646
1468	259	979	980
1469	260	978	980
1470	261	978	979
1471	978	979	980
1472	23	483	487
1473	180	981	487
1474	178	981	483
1475	981	483	487
1476	73	484	651
1477	262	982	651
1478	178	982	484
1479	982	484	651
1480	74	488	652
1481	262	983	652
1482	180	983	488
1483	983	488	652
1484	262	982	983
1485	180	981	983
1486	178	981	982
1487	981	982	983
1488	14	477	485
1489	179	984	485
1490	175	984	477
1491	984	477	485
1492	72	478	653
1493	263	985	653
1494	175	985	478
1495	985	478	653
1496	74	486	654
1497	263	986	654
1498	179	986	486
1499	986	486	654
1500	263	985	986
1501	179	984	986
1502	175	984	985
1503	984	985	986
1504	15	479	481
1505	177	987	481
1506	176	987	479
1507	987	479	481
1508	72	480	655
1509	264	988	655
1510	176	988	480
1511	988	480	655
1512	73	482	656
1513	264	989	656
1514	177	989	482
1515	989	482	656
1516	264	988	989
1517	177	987	989
1518	176	987	988
1519	987	988	989
1520	72	655	653
1521	263	990	653
1522	264	990	655
1523	990	655	653
1524	73	656	651
1525	262	991	651
1526	264	991	656
1527	991	656	651
1528	74	654	652
1529	262	992	652
1530	263	992	654
1531	992	654	652
1532	262	991	992
1533	263	990	992
1534	264	990	991
1535	990	991	992
1536	3	345	361
1537	117	993	361
1538	109	993	345
1539	993	345	361
1540	39	346	657
1541	265	994	657
1542	109	994	346
1543	994	346	657
1544	43	362	658
1545	265	995	658
1546	117	995	362
1547	995	362	658
1548	265	994	995
1549	117	993	995
1550	109	993	994
1551	993	994	995
1552	18	491	363
1553	118	996	363
1554	182	996	491
1555	996	491	363
1556	75	492	660
1557	266	997	660
1558	182	997	492
1559	997	492	660
1560	43	364	659
1561	266	998	659
1562	118	998	364
1563	998	364	659
1564	266	997	998
1565	118	996	998
1566	182	996	997
1567	996	997	998
1568	16	489	347
1569	110	999	347
1570	181	999	489
1571	999	489	347
1572	75	490	662
1573	267	1000	662
1574	181	1000	490
1575	1000	490	662
1576	39	348	661
1577	267	1001	661
1578	110	1001	348
1579	1001	348	661
1580	267	1000	1001
1581	110	999	1001
1582	181	999	1000
1583	999	1000	1001
1584	75	662	660
1585	266	1002	660
1586	267	1002	662
1587	1002	662	660
1588	39	661	657
1589	265	1003	657
1590	267	1003	661
1591	1003	661	657
1592	43	659	658
1593	265	1004	658
1594	266	1004	659
1595	1004	659	658
1596	265	1003	1004
1597	266	1002	1004
1598	267	1002	1003
1599	1002	1003	1004
1600	7	349	409
1601	141	1005	409
1602	111	1005	349
1603	1005	349	409
1604	40	350	663
1605	268	1006	663
1606	111	1006	350
1607	1006	350	663
1608	55	410	664
1609	268	1007	664
1610	141	1007	410
1611	1007	410	664
1612	268	1006	1007
1613	141	1005	1007
1614	111	1005	1006
1615	1005	1006	1007
1616	24	495	411
1617	142	1008	411
1618	184	1008	495
1619	1008	495	411
1620	76	496	666
1621	269	1009	666
1622	184	1009	496
1623	1009	496	666
1624	55	412	665
1625	269	1010	665
1626	142	1010	412
1627	1010	412	665
1628	269	1009	1010
1629	142	1008	1010
1630	184	1008	1009
1631	1008	1009	1010
1632	16	493	351
1633	112	1011	351
1634	183	1011	493
1635	1011	493	351
1636	76	494	668
1637	270	1012	668
1638	183	1012	494
1639	1012	494	668
1640	40	352	667
1641	270	1013	667
1642	112	1013	352
1643	1013	352	667
1644	270	1012	1013
1645	112	1011	1013
1646	183	1011	1012
1647	1011	1012	1013
1648	76	668	666
1649	269	1014	666
1650	270	1014	668
1651	1014	668	666
1652	40	667	663
1653	268	1015	663
1654	270	1015	667
1655	1015	667	663
1656	55	665	664
1657	268	1016	664
1658	269	1016	665
1659	1016	665	664
1660	268	1015	1016
1661	269	1014	1016
1662	270	1014	1015
1663	1014	1015	1016
1664	8	365	413
1665	143	1017	413
1666	119	1017	365
1667	1017	365	413
1668	44	366	669
1669	271	1018	669
1670	119	1018	366
1671	1018	366	669
1672	56	414	670
1673	271	1019	670
1674	143	1019	414
1675	1019	414	670
1676	271	1018	1019
1677	143	1017	1019
1678	119	1017	1018
1679	1017	1018	1019
1680	24	499	415
1681	144	1020	415
1682	186	1020	499
1683	1020	499	415
1684	77	500	672
1685	272	1021	672
1686	186	1021	500
1687	1021	500	672
1688	56	416	671
1689	272	1022	671
1690	144	1022	416
1691	1022	416	671
1692	272	1021	1022
1693	144	1020	1022
1694	186	1020	1021
1695	1020	1021	1022
1696	18	497	367
1697	120	1023	367
1698	185	1023	497
1699	1023	497	367
1700	77	498	674
1701	273	1024	674
1702	185	1024	498
1703	1024	498	674
1704	44	368	673
1705	273	1025	673
1706	120	1025	368
1707	1025	368	673
1708	273	1024	1025
1709	120	1023	1025
1710	185	1023	1024
1711	1023	1024	1025
1712	77	674	672
1713	272	1026	672
1714	273	1026	674
1715	1026	674	672
1716	44	673	669
1717	271	1027	669
1718	273	1027	673
1719	1027	673	669
1720	56	671	670
1721	271	1028	670
1722	272	1028	671
1723	1028	671	670
1724	271	1027	1028
1725	272	1026	1028
1726	273	1026	1027
1727	1026	1027	1028
1728	24	495	499
1729	186	1029	499
1730	184	1029	495
1731	1029	495	499
1732	76	496	675
1733	274	1030	675
1734	184	1030	496
1735	1030	496	675
1736	77	500	676
1737	274	1031	676
1738	186	1031	500
1739	1031	500	676
1740	274	1030	1031
1741	186	1029	1031
1742	184	1029	1030
1743	1029	1030	1031
1744	18	491	497
1745	185	1032	497
1746	182	1032	491
1747	1032	491	497
1748	75	492	677
1749	275	1033	677
1750	182	1033	492
1751	1033	492	677
1752	77	498	678
1753	275	1034	678
1754	185	1034	498
1755	1034	498	678
1756	275	1033	1034
1757	185	1032	1034
1758	182	1032	1033
1759	1032	1033	1034
1760	16	489	493
1761	183	1035	493
1762	181	1035	489
1763	1035	489	493
1764	75	490	679
1765	276	1036	679
1766	181	1036	490
1767	1036	490	679
1768	76	494	680
1769	276	1037	680
1770	183	1037	494
1771	1037	494	680
1772	276	1036	1037
1773	183	1035	1037
1774	181	1035	1036
1775	1035	1036	1037
1776	75	679	677
1777	275	1038	677
1778	276	1038	679
1779	1038	679	677
1780	76	680	675
1781	274	1039	675
1782	276	1039	680
1783	1039	680	675
1784	77	678	676
1785	274	1040	676
1786	275	1040	678
1787	1040	678	676
1788	274	1039	1040
1789	275	1038	1040
1790	276	1038	1039
1791	1038	1039	1040
1792	7	409	405
1793	139	1041	405
1794	141	1041	409
1795	1041	409	405
1796	55	410	682
1797	277	1042	682
1798	141	1042	410
1799	1042	410	682
1800	54	406	681
1801	277	1043	681
1802	139	1043	406
1803	1043	406	681
1804	277	1042	1043
1805	139	1041	1043
1806	141	1041	1042
1807	1041	1042	1043
1808	23	501	407
1809	140	1044	407
1810	187	1044	501
1811	1044	501	407
1812	78	502	684
1813	278	1045	684
1814	187	1045	502
1815	1045	502	684
1816	54	408	683
1817	278	1046	683
1818	140	1046	408
1819	1046	408	683
1820	278	1045	1046
1821	140	1044	1046
1822	187	1044	1045
1823	1044	1045	1046
1824	24	503	411
1825	142	1047	411
1826	188	1047	503
1827	1047	503	411
1828	78	504	686
1829	279	1048	686
1830	188	1048	504
1831	1048	504	686
1832	55	412	685
1833	279	1049	685
1834	142	1049	412
1835	1049	412	685
1836	279	1048	1049
1837	142	1047	1049
1838	188	1047	1048
1839	1047	1048	1049
1840	78	686	684
1841	278	1050	684
1842	279	1050	686
1843	1050	686	684
1844	55	685	682
1845	277	1051	682
1846	279	1051	685
1847	1051	685	682
1848	54	683	681
1849	277	1052	681
1850	278	1052	683
1851	1052	683	681
1852	277	1051	1052
1853	278	1050	1052
1854	279	1050	1051
1855	1050	1051	1052
1856	8	413	397
1857	135	1053	397
1858	143	1053	413
1859	1053	413	397
1860	56	414	688
1861	280	1054	688
1862	143	1054	414
1863	1054	414	688
1864	52	398	687
1865	280	1055	687
1866	135	1055	398
1867	1055	398	687
1868	280	1054	1055
1869	135	1053	1055
1870	143	1053	1054
1871	1053	1054	1055
1872	22	505	399
1873	136	1056	399
1874	189	1056	505
1875	1056	505	399
1876	79	506	690
1877	281	1057	690
1878	189	1057	506
1879	1057	506	690
1880	52	400	689
1881	281	1058	689
1882	136	1058	400
1883	1058	400	689
1884	281	1057	1058
1885	136	1056	1058
1886	189	1056	1057
1887	1056	1057	1058
1888	24	507	415
1889	144	1059	415
1890	190	1059	507
1891	1059	507	415
1892	79	508	692
1893	282	1060	692
1894	190	1060	508
1895	1060	508	692
1896	56	416	691
1897	282	1061	691
1898	144	1061	416
1899	1061	416	691
1900	282	1060	1061
1901	144	1059	1061
1902	190	1059	1060
1903	1059	1060	1061
1904	79	692	690
1905	281	1062	690
1906	282	1062	692
1907	1062	692	690
1908	56	691	688
1909	280	1063	688
1910	282	1063	691
1911	1063	691	688
1912	52	689	687
1913	280	1064	687
1914	281	1064	689
1915	1064	689	687
1916	280	1063	1064
1917	281	1062	1064
1918	282	1062	1063
1919	1062	1063	1064
1920	6	401	393
1921	133	1065	393
1922	137	1065	401
1923	1065	401	393
1924	53	402	694
1925	283	1066	694
1926	137	1066	402
1927	1066	402	694
1928	51	394	693
1929	283	1067	693
1930	133	1067	394
1931	1067	394	693
1932	283	1066	1067
1933	133	1065	1067
1934	137	1065	1066
1935	1065	1066	1067
1936	22	509	395
1937	134	1068	395
1938	191	1068	509
1939	1068	509	395
1940	80	510	696
1941	284	1069	696
1942	191	1069	510
1943	1069	510	696
1944	51	396	695
1945	284	1070	695
1946	134	1070	396
1947	1070	396	695
1948	284	1069	1070
1949	134	1068	1070
1950	191	1068	1069
1951	1068	1069	1070
1952	23	511	403
1953	138	1071	403
1954	192	1071	511
1955	1071	511	403
1956	80	512	698
1957	285	1072	698
1958	192	1072	512
1959	1072	512	698
1960	53	404	697
1961	285	1073	697
1962	138	1073	404
1963	1073	404	697
1964	285	1072	1073
1965	138	1071	1073
1966	192	1071	1072
1967	1071	1072	1073
1968	80	698	696
1969	284	1074	696
1970	285	1074	698
1971	1074	698	696
1972	53	697	694
1973	283	1075	694
1974	285	1075	697
1975	1075	697	694
1976	51	695	693
1977	283	1076	693
1978	284	1076	695
1979	1076	695	693
1980	283	1075	1076
1981	284	1074	1076
1982	285	1074	1075
1983	1074	1075	1076
1984	22	505	509
1985	191	1077	509
1986	189	1077	505
1987	1077	505	509
1988	79	506	699
1989	286	1078	699
1990	189	1078	506
1991	1078	506	699
1992	80	510	700
1993	286	1079	700
1994	191	1079	510
1995	1079	510	700
1996	286	1078	1079
1997	191	1077	1079
1998	189	1077	1078
1999	1077	1078	1079
2000	23	501	511
2001	192	1080	511
2002	187	1080	501
2003	1080	501	511
2004	78	502	701
2005	287	1081	701
2006	187	1081	502
2007	1081	502	701
2008	80	512	702
2009	287	1082	702
2010	192	1082	512
2011	1082	512	702
2012	287	1081	1082
2013	192	1080	1082
2014	187	1080	1081
2015	1080	1081	1082
2016	24	503	507
2017	190	1083	507
2018	188	1083	503
2019	1083	503	507
2020	78	504	703
2021	288	1084	703
2022	188	1084	504
2023	1084	504	703
2024	79	508	704
2025	288	1085	704
2026	190	1085	508
2027	1085	508	704
2028	288	1084	1085
2029	190	1083	1085
2030	188	1083	1084
2031	1083	1084	1085
2032	78	703	701
2033	287	1086	701
2034	288	1086	703
2035	1086	703	701
2036	79	704	699
2037	286	1087	699
2038	288	1087	704
2039	1087	704	699
2040	80	702	700
2041	286	1088	700
2042	287	1088	702
2043	1088	702	700
2044	286	1087	1088
2045	287	1086	1088
2046	288	1086	1087
2047	1086	1087	1088
